wavelength, intensity
180.0, 0.0
180.03333333333333, 0.0
180.06666666666666, 0.0
180.1, 0.0
180.13333333333333, 0.0
180.16666666666666, 0.0
180.2, 0.0
180.23333333333332, 0.0
180.26666666666665, 0.0
180.29999999999998, 0.0
180.33333333333331, 0.0
180.36666666666665, 0.0
180.39999999999998, 0.0
180.4333333333333, 0.0
180.46666666666664, 0.0
180.49999999999997, 0.0
180.5333333333333, 0.0
180.56666666666663, 0.0
180.59999999999997, 0.0
180.6333333333333, 0.0
180.66666666666663, 0.0
180.69999999999996, 0.0
180.7333333333333, 0.0
180.76666666666662, 0.0
180.79999999999995, 0.0
180.8333333333333, 0.0
180.86666666666662, 0.0
180.89999999999995, 0.0
180.93333333333328, 0.0
180.9666666666666, 0.0
180.99999999999994, 0.0
181.03333333333327, 0.0
181.0666666666666, 0.0
181.09999999999994, 0.0
181.13333333333327, 0.0
181.1666666666666, 0.0
181.19999999999993, 0.0
181.23333333333326, 0.0
181.2666666666666, 0.0
181.29999999999993, 0.0
181.33333333333326, 0.0
181.3666666666666, 0.0
181.39999999999992, 0.0
181.43333333333325, 0.0
181.46666666666658, 0.0
181.49999999999991, 0.0
181.53333333333325, 0.0
181.56666666666658, 0.0
181.5999999999999, 0.0
181.63333333333324, 0.0
181.66666666666657, 0.0
181.6999999999999, 0.0
181.73333333333323, 0.0
181.76666666666657, 0.0
181.7999999999999, 0.0
181.83333333333323, 0.0
181.86666666666656, 0.0
181.8999999999999, 0.0
181.93333333333322, 0.0
181.96666666666655, 0.0
181.9999999999999, 0.0
182.03333333333322, 0.0
182.06666666666655, 0.0
182.09999999999988, 0.0
182.1333333333332, 0.0
182.16666666666654, 0.0
182.19999999999987, 0.0
182.2333333333332, 0.0
182.26666666666654, 0.0
182.29999999999987, 0.0
182.3333333333332, 0.0
182.36666666666653, 0.0
182.39999999999986, 0.0
182.4333333333332, 0.0
182.46666666666653, 0.0
182.49999999999986, 0.0
182.5333333333332, 0.0
182.56666666666652, 0.0
182.59999999999985, 0.0
182.63333333333318, 0.0
182.66666666666652, 0.0
182.69999999999985, 0.0
182.73333333333318, 0.0
182.7666666666665, 0.0
182.79999999999984, 0.0
182.83333333333317, 0.0
182.8666666666665, 0.0
182.89999999999984, 0.0
182.93333333333317, 0.0
182.9666666666665, 0.0
182.99999999999983, 0.0
183.03333333333316, 0.0
183.0666666666665, 0.0
183.09999999999982, 0.0
183.13333333333316, 0.0
183.1666666666665, 0.0
183.19999999999982, 0.0
183.23333333333315, 0.0
183.26666666666648, 0.0
183.2999999999998, 0.0
183.33333333333314, 0.0
183.36666666666648, 0.0
183.3999999999998, 0.0
183.43333333333314, 0.0
183.46666666666647, 0.0
183.4999999999998, 0.0
183.53333333333313, 0.0
183.56666666666646, 0.0
183.5999999999998, 0.0
183.63333333333313, 0.0
183.66666666666646, 0.0
183.6999999999998, 0.0
183.73333333333312, 0.0
183.76666666666645, 0.0
183.79999999999978, 0.0
183.83333333333312, 0.0
183.86666666666645, 0.0
183.89999999999978, 0.0
183.9333333333331, 0.0
183.96666666666644, 0.0
183.99999999999977, 0.0
184.0333333333331, 0.0
184.06666666666644, 0.0
184.09999999999977, 0.0
184.1333333333331, 0.0
184.16666666666643, 0.0
184.19999999999976, 0.0
184.2333333333331, 0.0
184.26666666666642, 0.0
184.29999999999976, 0.0
184.3333333333331, 0.0
184.36666666666642, 0.0
184.39999999999975, 0.0
184.43333333333308, 0.0
184.4666666666664, 0.0
184.49999999999974, 0.0
184.53333333333308, 0.0
184.5666666666664, 0.0
184.59999999999974, 0.0
184.63333333333307, 0.0
184.6666666666664, 0.0
184.69999999999973, 0.0
184.73333333333306, 0.0
184.7666666666664, 0.0
184.79999999999973, 0.0
184.83333333333306, 0.0
184.8666666666664, 0.0
184.89999999999972, 0.0
184.93333333333305, 0.0
184.96666666666638, 0.0
184.99999999999972, 0.0
185.03333333333305, 0.0
185.06666666666638, 0.0
185.0999999999997, 0.0
185.13333333333304, 0.0
185.16666666666637, 0.0
185.1999999999997, 0.0
185.23333333333304, 0.0
185.26666666666637, 0.0
185.2999999999997, 0.0
185.33333333333303, 0.0
185.36666666666636, 0.0
185.3999999999997, 0.0
185.43333333333302, 0.0
185.46666666666636, 0.0
185.4999999999997, 0.0
185.53333333333302, 0.0
185.56666666666635, 0.0
185.59999999999968, 0.0
185.633333333333, 0.0
185.66666666666634, 0.0
185.69999999999968, 0.0
185.733333333333, 0.0
185.76666666666634, 0.0
185.79999999999967, 0.0
185.833333333333, 0.0
185.86666666666633, 0.0
185.89999999999966, 0.0
185.933333333333, 0.0
185.96666666666633, 0.0
185.99999999999966, 0.0
186.033333333333, 0.0
186.06666666666632, 0.0
186.09999999999965, 0.0
186.13333333333298, 0.0
186.16666666666632, 0.0
186.19999999999965, 0.0
186.23333333333298, 0.0
186.2666666666663, 0.0
186.29999999999964, 0.0
186.33333333333297, 0.0
186.3666666666663, 0.0
186.39999999999964, 0.0
186.43333333333297, 0.0
186.4666666666663, 0.0
186.49999999999963, 0.0
186.53333333333296, 0.0
186.5666666666663, 0.0
186.59999999999962, 0.0
186.63333333333296, 0.0
186.6666666666663, 0.0
186.69999999999962, 0.0
186.73333333333295, 0.0
186.76666666666628, 0.0
186.7999999999996, 0.0
186.83333333333294, 0.0
186.86666666666628, 0.0
186.8999999999996, 0.0
186.93333333333294, 0.0
186.96666666666627, 0.0
186.9999999999996, 0.0
187.03333333333293, 0.0
187.06666666666626, 0.0
187.0999999999996, 0.0
187.13333333333293, 0.0
187.16666666666626, 0.0
187.1999999999996, 0.0
187.23333333333292, 0.0
187.26666666666625, 0.0
187.29999999999959, 0.0
187.33333333333292, 0.0
187.36666666666625, 0.0
187.39999999999958, 0.0
187.4333333333329, 0.0
187.46666666666624, 0.0
187.49999999999957, 0.0
187.5333333333329, 0.0
187.56666666666624, 0.0
187.59999999999957, 0.0
187.6333333333329, 0.0
187.66666666666623, 0.0
187.69999999999956, 0.0
187.7333333333329, 0.0
187.76666666666623, 0.0
187.79999999999956, 19.16537311314915
187.8333333333329, 33.825642819334135
187.86666666666622, 48.96205321877793
187.89999999999955, 65.54918676674977
187.93333333333288, 88.47499215965092
187.9666666666662, 123.973384463685
187.99999999999955, 173.52307127743214
188.03333333333288, 219.81219836943126
188.0666666666662, 240.8998982120757
188.09999999999954, 224.21826039324907
188.13333333333287, 183.7866190556106
188.1666666666662, 138.27452919836554
188.19999999999953, 101.51792521000826
188.23333333333287, 77.37390200390466
188.2666666666662, 68.38884323281614
188.29999999999953, 72.694836629402
188.33333333333286, 81.70221947908671
188.3666666666662, 86.46915659632093
188.39999999999952, 84.22981741967804
188.43333333333285, 79.21339672212831
188.46666666666619, 75.86892238085812
188.49999999999952, 75.9350941527577
188.53333333333285, 78.86220101185265
188.56666666666618, 83.75928095709158
188.5999999999995, 86.72280735065193
188.63333333333284, 81.96096727614061
188.66666666666617, 66.58538615941556
188.6999999999995, 60.067977019674984
188.73333333333284, 92.177949579995
188.76666666666617, 181.81520933126515
188.7999999999995, 289.39371408582645
188.83333333333283, 355.83624316780094
188.86666666666616, 340.44012603328923
188.8999999999995, 272.4901975709882
188.93333333333283, 197.89963158611823
188.96666666666616, 149.34506873108342
188.9999999999995, 123.45498144296818
189.03333333333282, 110.79677657446467
189.06666666666615, 104.28746451318317
189.09999999999948, 101.48910758435214
189.1333333333328, 100.5194074733898
189.16666666666615, 100.02254869725014
189.19999999999948, 99.40831060291754
189.2333333333328, 98.20802638108036
189.26666666666614, 97.57214944112553
189.29999999999947, 100.39639970321183
189.3333333333328, 109.37987160044047
189.36666666666613, 122.72926114381396
189.39999999999947, 135.05748586891457
189.4333333333328, 141.42151648689034
189.46666666666613, 142.5076133435377
189.49999999999946, 142.32586403370334
189.5333333333328, 144.14033024646363
189.56666666666612, 145.64142121931928
189.59999999999945, 142.11901633286587
189.63333333333279, 130.6884609624593
189.66666666666612, 117.55661964007116
189.69999999999945, 111.74081295603736
189.73333333333278, 118.869357926774
189.7666666666661, 132.67411457111706
189.79999999999944, 144.28578157243038
189.83333333333277, 147.5811935008864
189.8666666666661, 143.32263483069534
189.89999999999944, 133.34218073205406
189.93333333333277, 120.24286290587312
189.9666666666661, 108.03008072161575
189.99999999999943, 100.79533023838555
190.03333333333276, 100.03958465319563
190.0666666666661, 103.80303449900785
190.09999999999943, 109.84504443493539
190.13333333333276, 115.03360241875922
190.1666666666661, 115.35675590903257
190.19999999999942, 107.18629336737852
190.23333333333275, 92.70571677632906
190.26666666666608, 78.33458873367381
190.29999999999941, 70.44653958672458
190.33333333333275, 74.12269476436985
190.36666666666608, 93.7539273515545
190.3999999999994, 130.90771050293628
190.43333333333274, 169.53149954142552
190.46666666666607, 186.77370320271137
190.4999999999994, 167.13405821114247
190.53333333333273, 127.43668036624139
190.56666666666607, 93.36613945039284
190.5999999999994, 82.37980312600469
190.63333333333273, 86.43496861453909
190.66666666666606, 92.5879556238258
190.6999999999994, 92.94131316958395
190.73333333333272, 90.7837376473394
190.76666666666605, 90.85950064633403
190.7999999999994, 94.79682592038583
190.83333333333272, 99.20758736093661
190.86666666666605, 100.40099516599473
190.89999999999938, 99.48403159098845
190.9333333333327, 103.23091739075309
190.96666666666604, 118.17271139970747
190.99999999999937, 140.51695983580566
191.0333333333327, 157.4927089234566
191.06666666666604, 157.29420850137296
191.09999999999937, 142.59311753040166
191.1333333333327, 125.29665667523597
191.16666666666603, 116.02022186118832
191.19999999999936, 114.32576610959559
191.2333333333327, 114.6589681181412
191.26666666666603, 112.61679294017665
191.29999999999936, 110.05289543710121
191.3333333333327, 110.88821653644776
191.36666666666602, 117.57131567800614
191.39999999999935, 127.06926198615517
191.43333333333268, 135.0771937199035
191.46666666666601, 138.45675851008212
191.49999999999935, 137.1345777498225
191.53333333333268, 131.54818263874253
191.566666666666, 123.61298112273312
191.59999999999934, 118.03139808031669
191.63333333333267, 119.72643541967958
191.666666666666, 129.7266144850064
191.69999999999933, 143.71708295441715
191.73333333333267, 157.10410909348576
191.766666666666, 167.8095411785015
191.79999999999933, 176.28418343500294
191.83333333333266, 182.91141633314774
191.866666666666, 185.57520572678914
191.89999999999932, 180.3190706437336
191.93333333333266, 164.0515629344545
191.966666666666, 141.9643478739935
191.99999999999932, 123.68153761790587
192.03333333333265, 117.14021592511813
192.06666666666598, 119.54270764346234
192.0999999999993, 123.97740920764136
192.13333333333264, 124.99105102039698
192.16666666666598, 123.4612355523306
192.1999999999993, 121.97285026775835
192.23333333333264, 122.40639214180297
192.26666666666597, 124.5138396694244
192.2999999999993, 127.64019523233304
192.33333333333263, 129.96928376369405
192.36666666666596, 127.19418539583029
192.3999999999993, 114.88124727267531
192.43333333333263, 100.25237169685498
192.46666666666596, 108.55944456130305
192.4999999999993, 165.28458901810234
192.53333333333262, 257.9818992486228
192.56666666666595, 331.4684427764455
192.59999999999928, 331.8118863995152
192.63333333333262, 263.64650325271737
192.66666666666595, 179.7963971187552
192.69999999999928, 130.3775243702824
192.7333333333326, 122.02628475362417
192.76666666666594, 135.39375460071454
192.79999999999927, 151.81574333855843
192.8333333333326, 159.8894042583386
192.86666666666594, 151.3238259121863
192.89999999999927, 126.16461125931798
192.9333333333326, 124.71842708345326
192.96666666666593, 199.44179589021655
192.99999999999926, 370.5328106954637
193.0333333333326, 549.6775429094173
193.06666666666592, 625.9780017732336
193.09999999999926, 546.4028063088018
193.1333333333326, 394.7925482386369
193.16666666666592, 274.08330411034916
193.19999999999925, 234.10837989529207
193.23333333333258, 234.86842850117736
193.2666666666659, 228.63663706512014
193.29999999999924, 200.2151222925706
193.33333333333258, 174.24674584325956
193.3666666666659, 176.43374319073865
193.39999999999924, 206.59919982285874
193.43333333333257, 241.5107068634704
193.4666666666659, 259.2009252402405
193.49999999999923, 261.81498992421933
193.53333333333256, 267.06965400137966
193.5666666666659, 289.47665168843815
193.59999999999923, 316.97249120354854
193.63333333333256, 325.1942046258812
193.6666666666659, 296.1350198521675
193.69999999999922, 245.39059549445136
193.73333333333255, 199.50811646371602
193.76666666666588, 177.539479235819
193.79999999999922, 171.39960517961015
193.83333333333255, 166.88366297712108
193.86666666666588, 155.72073965082285
193.8999999999992, 144.62151160425267
193.93333333333254, 142.55286002197485
193.96666666666587, 151.87767910055183
193.9999999999992, 163.1189194725754
194.03333333333254, 165.77187171058003
194.06666666666587, 157.16729706179268
194.0999999999992, 144.74937879522798
194.13333333333253, 136.37313994994165
194.16666666666586, 134.60953535900353
194.1999999999992, 137.08922032329667
194.23333333333252, 141.30713184505493
194.26666666666586, 145.4269058898827
194.2999999999992, 148.06401907458903
194.33333333333252, 148.05269984313932
194.36666666666585, 145.92304015232625
194.39999999999918, 143.0245761827985
194.4333333333325, 140.85627949676882
194.46666666666584, 141.7039472710589
194.49999999999918, 148.12055628159695
194.5333333333325, 161.04425706812995
194.56666666666584, 175.34753689801207
194.59999999999917, 184.4858984220751
194.6333333333325, 185.19701837492795
194.66666666666583, 182.77105751896167
194.69999999999916, 183.8288743490427
194.7333333333325, 190.50720230801977
194.76666666666583, 196.69213591593677
194.79999999999916, 195.52135205218482
194.8333333333325, 185.7017274437296
194.86666666666582, 173.2821324792904
194.89999999999915, 164.5801745724686
194.93333333333248, 161.01140721215862
194.96666666666582, 159.32930207554125
194.99999999999915, 156.48884776563162
195.03333333333248, 154.32255505688045
195.0666666666658, 158.00319020979146
195.09999999999914, 171.9478238570012
195.13333333333247, 193.87585447171313
195.1666666666658, 218.23835221098838
195.19999999999914, 239.38419917190234
195.23333333333247, 251.2220916187871
195.2666666666658, 247.51037366236028
195.29999999999913, 225.56812246222495
195.33333333333246, 196.11043066600033
195.3666666666658, 172.9926466440693
195.39999999999912, 165.60320481689206
195.43333333333246, 171.7222801965114
195.4666666666658, 187.25019515832776
195.49999999999912, 206.27593831420683
195.53333333333245, 219.5777745591832
195.56666666666578, 217.84877090455393
195.5999999999991, 202.2949035411575
195.63333333333244, 187.83859814809537
195.66666666666578, 189.61195627397984
195.6999999999991, 208.10147320310764
195.73333333333244, 230.06125654947851
195.76666666666577, 242.6795636963243
195.7999999999991, 245.00833684466298
195.83333333333243, 244.07563389823295
195.86666666666576, 246.19014910836063
195.8999999999991, 250.77378958457643
195.93333333333243, 253.96557420770642
195.96666666666576, 253.1541956115803
195.9999999999991, 252.49667468065707
196.03333333333242, 258.39589152238494
196.06666666666575, 273.7752342878222
196.09999999999908, 288.90362180603404
196.13333333333242, 291.19267142122965
196.16666666666575, 274.71071690207947
196.19999999999908, 250.19574232236317
196.2333333333324, 230.87215445635675
196.26666666666574, 222.9909398016267
196.29999999999907, 220.54796414314927
196.3333333333324, 216.4355755877395
196.36666666666574, 208.55409264352602
196.39999999999907, 201.0694523525684
196.4333333333324, 198.32645815613404
196.46666666666573, 200.55122142610665
196.49999999999906, 204.28013200337406
196.5333333333324, 206.16443488212616
196.56666666666572, 205.67128196033175
196.59999999999906, 204.0676115509592
196.6333333333324, 202.6654416866868
196.66666666666572, 202.89442600518353
196.69999999999905, 206.23718130543034
196.73333333333238, 214.0444123497844
196.7666666666657, 227.00787363125042
196.79999999999905, 245.6140314929255
196.83333333333238, 268.05935348886226
196.8666666666657, 284.7788726270726
196.89999999999904, 284.5951740984415
196.93333333333237, 264.27352122001423
196.9666666666657, 239.1067188863648
196.99999999999903, 226.86348452096155
197.03333333333237, 234.09104256574645
197.0666666666657, 248.9772931075358
197.09999999999903, 258.2710354378845
197.13333333333236, 256.6576732340647
197.1666666666657, 248.04931423906154
197.19999999999902, 236.77397958703688
197.23333333333235, 225.4363655352752
197.26666666666569, 215.21212263994798
197.29999999999902, 207.28311502619107
197.33333333333235, 203.3391507243428
197.36666666666568, 205.36871664458363
197.399999999999, 214.5951806376729
197.43333333333234, 227.09144610430974
197.46666666666567, 236.81502131805257
197.499999999999, 238.86905555098699
197.53333333333234, 233.5397519274009
197.56666666666567, 222.5707042669083
197.599999999999, 208.5824055427183
197.63333333333233, 196.87052839411632
197.66666666666566, 193.21280148083915
197.699999999999, 199.06591327089555
197.73333333333233, 206.8015831809885
197.76666666666566, 207.7874380051361
197.799999999999, 200.95423695703735
197.83333333333232, 196.39366014400196
197.86666666666565, 204.63067999296175
197.89999999999898, 224.58486509962688
197.9333333333323, 243.02664902042895
197.96666666666565, 247.0719921676628
197.99999999999898, 236.87827121997668
198.0333333333323, 222.2960087338464
198.06666666666564, 212.65279284363723
198.09999999999897, 210.597302178155
198.1333333333323, 215.2858501995986
198.16666666666563, 225.16573569590187
198.19999999999897, 234.7296234170186
198.2333333333323, 237.04137983055483
198.26666666666563, 228.04029093666242
198.29999999999896, 214.93357562981575
198.3333333333323, 207.67775104592482
198.36666666666562, 211.52350626119375
198.39999999999895, 219.22480749339059
198.43333333333229, 221.54914082765663
198.46666666666562, 215.71638411194073
198.49999999999895, 210.7937676638406
198.53333333333228, 216.86556942424997
198.5666666666656, 234.31557678478845
198.59999999999894, 251.0099497536635
198.63333333333227, 254.6257540078728
198.6666666666656, 245.3936960115632
198.69999999999894, 235.01029843138107
198.73333333333227, 234.1984978670423
198.7666666666656, 237.4962298048498
198.79999999999893, 229.01228718105838
198.83333333333226, 199.99930211288282
198.8666666666656, 195.83838255608492
198.89999999999893, 286.1910130025389
198.93333333333226, 512.013529764505
198.9666666666656, 773.0231162854257
198.99999999999892, 925.7511223632886
199.03333333333225, 877.5570252787375
199.06666666666558, 703.0471976298417
199.09999999999891, 511.0125433352018
199.13333333333225, 376.38802934942055
199.16666666666558, 298.2748263045139
199.1999999999989, 265.4291672671167
199.23333333333224, 264.3054576197692
199.26666666666557, 277.7770432968418
199.2999999999989, 288.81773939506695
199.33333333333223, 291.5573167534108
199.36666666666557, 292.33293985972836
199.3999999999989, 297.56276250013786
199.43333333333223, 305.5612215543477
199.46666666666556, 308.39158817585457
199.4999999999989, 299.13288719597193
199.53333333333222, 281.7086500096893
199.56666666666555, 265.8900399527863
199.5999999999989, 259.5791919128252
199.63333333333222, 259.1597882487669
199.66666666666555, 256.7517845950363
199.69999999999888, 248.58380904713607
199.7333333333322, 247.2705211242516
199.76666666666554, 269.4813567339145
199.79999999999887, 318.73052540384447
199.8333333333322, 363.3289218781121
199.86666666666554, 366.1812561381093
199.89999999999887, 331.9448089652197
199.9333333333322, 341.89612608995753
199.96666666666553, 482.7201998004959
199.99999999999886, 735.7268233095147
200.0333333333322, 947.3431286315518
200.06666666666553, 963.2088461750626
200.09999999999886, 782.6081587459519
200.1333333333322, 542.9946585331369
200.16666666666552, 377.1390859050694
200.19999999999885, 309.8262698031502
200.23333333333218, 297.8787208871307
200.26666666666551, 301.0832936788985
200.29999999999885, 307.8942084716573
200.33333333333218, 319.20973750905017
200.3666666666655, 334.7860947465792
200.39999999999884, 348.78618624422165
200.43333333333217, 353.736175425808
200.4666666666655, 345.7843771796723
200.49999999999883, 332.3976041406967
200.53333333333217, 323.2431470747576
200.5666666666655, 327.2950423264413
200.59999999999883, 352.0600987496466
200.63333333333216, 404.62657542983936
200.6666666666655, 480.13061195588097
200.69999999999882, 556.2270996375556
200.73333333333215, 609.6708201374487
200.7666666666655, 628.8962201751873
200.79999999999882, 614.2780883859003
200.83333333333215, 567.764302891584
200.86666666666548, 505.1604766430154
200.8999999999988, 452.1765248992892
200.93333333333214, 434.43019945221
200.96666666666547, 475.0006257310336
200.9999999999988, 595.7125234306319
201.03333333333214, 801.036321073658
201.06666666666547, 1002.1778002898874
201.0999999999988, 1079.1350159682645
201.13333333333213, 960.5608680336118
201.16666666666546, 748.2890268214318
201.1999999999988, 582.4594533990371
201.23333333333213, 547.5857786302203
201.26666666666546, 595.5759943483579
201.2999999999988, 659.39697842504
201.33333333333212, 699.4688637177086
201.36666666666545, 721.0173954216039
201.39999999999878, 733.5668996904565
201.43333333333211, 751.5553412893653
201.46666666666545, 794.9926638920335
201.49999999999878, 881.9100670657675
201.5333333333321, 994.8126954261081
201.56666666666544, 1088.1136622703737
201.59999999999877, 1120.5698990981016
201.6333333333321, 1098.852523928915
201.66666666666544, 1055.8376885390223
201.69999999999877, 1024.4805445079176
201.7333333333321, 1036.6096241403343
201.76666666666543, 1123.6352631967486
201.79999999999876, 1301.4250949174298
201.8333333333321, 1524.571105538708
201.86666666666542, 1732.609471822188
201.89999999999876, 1886.7408384516164
201.9333333333321, 2004.9007470311235
201.96666666666542, 2114.0704249630776
201.99999999999875, 2229.772022836976
202.03333333333208, 2347.1603971123463
202.0666666666654, 2460.367596511415
202.09999999999874, 2600.395511759275
202.13333333333208, 2843.500648761748
202.1666666666654, 3265.177063118245
202.19999999999874, 3878.8728123565925
202.23333333333207, 4645.113143172755
202.2666666666654, 5542.612882824702
202.29999999999873, 6755.087865000567
202.33333333333206, 8587.061364105484
202.3666666666654, 11258.244874713178
202.39999999999873, 14426.249191617328
202.43333333333206, 17523.76027019994
202.4666666666654, 20081.31462654125
202.49999999999872, 22047.594189219344
202.53333333333205, 23482.174872013886
202.56666666666538, 24360.0196014697
202.59999999999872, 24418.96659435647
202.63333333333205, 23357.96639991213
202.66666666666538, 21131.788450534656
202.6999999999987, 18178.126507787347
202.73333333333204, 14985.833795838631
202.76666666666537, 11949.698296947408
202.7999999999987, 9342.582861895093
202.83333333333204, 7415.848876880725
202.86666666666537, 6165.717096958557
202.8999999999987, 5359.462933509442
202.93333333333203, 4766.706291729488
202.96666666666536, 4272.055193195529
202.9999999999987, 3831.249657839877
203.03333333333202, 3408.3557940619894
203.06666666666536, 3017.3079871940113
203.0999999999987, 2692.9640243048843
203.13333333333202, 2462.971547322974
203.16666666666535, 2322.5926137161023
203.19999999999868, 2258.0771940107666
203.233333333332, 2242.1069023559207
203.26666666666534, 2207.7635013357294
203.29999999999868, 2081.3958375844027
203.333333333332, 1845.3626500140374
203.36666666666534, 1591.4710843978955
203.39999999999867, 1422.4549988113195
203.433333333332, 1368.9735261168362
203.46666666666533, 1365.4597019142868
203.49999999999866, 1342.2782420181898
203.533333333332, 1282.1799255803865
203.56666666666533, 1216.1505348896756
203.59999999999866, 1174.0932514502358
203.633333333332, 1153.2743829686417
203.66666666666532, 1130.3054864231055
203.69999999999865, 1085.3458342470751
203.73333333333198, 1025.7375294489104
203.76666666666532, 970.4605372251361
203.79999999999865, 932.5498056116015
203.83333333333198, 897.93674946652
203.8666666666653, 844.9160484830385
203.89999999999864, 785.3659337814196
203.93333333333197, 830.4558236784516
203.9666666666653, 1108.6357012599626
203.99999999999864, 1623.1913535655453
204.03333333333197, 2130.7676157060564
204.0666666666653, 2363.5732049551434
204.09999999999863, 2237.8858253143567
204.13333333333196, 1916.8233205435354
204.1666666666653, 1576.3024962984623
204.19999999999862, 1302.5345991132444
204.23333333333196, 1099.065685248921
204.2666666666653, 965.4294962861143
204.29999999999862, 890.7270847894517
204.33333333333195, 857.4755941007119
204.36666666666528, 848.3128424173615
204.3999999999986, 847.4361681202331
204.43333333333194, 839.7060416896614
204.46666666666528, 814.0547113213229
204.4999999999986, 777.6211802160674
204.53333333333194, 742.6310566619952
204.56666666666527, 717.6992301863484
204.5999999999986, 700.9244828387808
204.63333333333193, 688.5389476871633
204.66666666666526, 681.2225141525529
204.6999999999986, 688.2636844213367
204.73333333333193, 719.6965572883654
204.76666666666526, 776.0162621961733
204.7999999999986, 845.1894758004338
204.83333333333192, 914.0889110299677
204.86666666666525, 964.9400263664335
204.89999999999858, 975.7881875308711
204.93333333333192, 929.926980448721
204.96666666666525, 869.2783675525666
204.99999999999858, 871.7229658817354
205.0333333333319, 996.7684623834728
205.06666666666524, 1177.279524689986
205.09999999999857, 1294.0724959758322
205.1333333333319, 1265.0061049863716
205.16666666666524, 1167.824039735194
205.19999999999857, 1123.1451989948143
205.2333333333319, 1198.5036675251283
205.26666666666523, 1313.332879042872
205.29999999999856, 1362.0568300926989
205.3333333333319, 1302.246773988192
205.36666666666522, 1208.4159825525296
205.39999999999856, 1166.112360047405
205.4333333333319, 1201.9280464900683
205.46666666666522, 1268.506635596775
205.49999999999855, 1315.958738322935
205.53333333333188, 1332.4011310198289
205.5666666666652, 1338.489461535682
205.59999999999854, 1355.9701220506586
205.63333333333188, 1406.9938419128011
205.6666666666652, 1513.9461697000847
205.69999999999854, 1690.7258572513244
205.73333333333187, 1898.05342409035
205.7666666666652, 2076.102932912353
205.79999999999853, 2190.777051105758
205.83333333333186, 2311.3509578744292
205.8666666666652, 2532.9978627542887
205.89999999999853, 2943.369788107857
205.93333333333186, 3610.56168612868
205.9666666666652, 4600.688392897252
205.99999999999852, 6074.62134349185
206.03333333333185, 8356.849236618014
206.06666666666518, 11769.071537321748
206.09999999999852, 16043.83579885571
206.13333333333185, 20225.465447204613
206.16666666666518, 23346.24922175539
206.1999999999985, 24861.54107865278
206.23333333333184, 24562.80540105821
206.26666666666517, 22382.846073636145
206.2999999999985, 19460.381928430637
206.33333333333184, 17579.808750277254
206.36666666666517, 18072.997064276005
206.3999999999985, 19663.746658182405
206.43333333333183, 20155.25040775323
206.46666666666516, 18030.08880367208
206.4999999999985, 14245.492375504235
206.53333333333183, 10319.465386195245
206.56666666666516, 7317.205011440302
206.5999999999985, 5235.34209909278
206.63333333333182, 3916.420807338296
206.66666666666515, 3202.112440708769
206.69999999999848, 2932.7181058778933
206.7333333333318, 2948.612729741221
206.76666666666515, 3095.1405795928563
206.79999999999848, 3222.9185221148045
206.8333333333318, 3208.908866354405
206.86666666666514, 3282.659637697307
206.89999999999847, 3927.0140095042616
206.9333333333318, 5511.747113273197
206.96666666666513, 7456.987673419214
206.99999999999847, 8726.891200006492
207.0333333333318, 8518.487260898626
207.06666666666513, 7212.049634660144
207.09999999999846, 5558.21423444824
207.1333333333318, 4151.985717597666
207.16666666666512, 3088.942047219008
207.19999999999845, 2364.6036220115757
207.23333333333179, 1948.4895348095085
207.26666666666512, 1755.8349076342745
207.29999999999845, 1695.4076999232848
207.33333333333178, 1691.1687109645222
207.3666666666651, 1688.2316667134444
207.39999999999844, 1635.6120984645402
207.43333333333177, 1530.491691013654
207.4666666666651, 1415.3168865635516
207.49999999999844, 1331.2318093525796
207.53333333333177, 1284.7816536841087
207.5666666666651, 1260.6294267271087
207.59999999999843, 1241.4283967076658
207.63333333333176, 1198.458785936677
207.6666666666651, 1098.244832796954
207.69999999999843, 942.5869692887642
207.73333333333176, 885.31874921317
207.7666666666651, 1121.0945217947951
207.79999999999842, 1767.2567623048524
207.83333333333175, 2728.2850217399437
207.86666666666508, 3871.0342315939874
207.8999999999984, 4939.88849669262
207.93333333333175, 5458.459115174759
207.96666666666508, 4944.813327546277
207.9999999999984, 3498.1286947949066
208.03333333333174, 1917.9198967584068
208.06666666666507, 1003.0876365487984
208.0999999999984, 866.6183418072108
208.13333333333173, 1065.0774947515042
208.16666666666507, 1177.1914059705966
208.1999999999984, 1135.3635641016594
208.23333333333173, 1063.4340554459793
208.26666666666506, 1070.56682086073
208.2999999999984, 1171.7602602035943
208.33333333333172, 1348.771706773604
208.36666666666505, 1578.4208969799197
208.39999999999839, 1819.9172665721633
208.43333333333172, 2028.9490636835521
208.46666666666505, 2268.908579268496
208.49999999999838, 2851.730531982798
208.5333333333317, 4120.873617324424
208.56666666666504, 6224.73834988088
208.59999999999837, 9015.102739866716
208.6333333333317, 12297.95519965435
208.66666666666504, 15382.094083215814
208.69999999999837, 17070.19403441827
208.7333333333317, 16260.86981765729
208.76666666666503, 13340.634897993783
208.79999999999836, 9710.105473135929
208.8333333333317, 6657.356309596013
208.86666666666503, 4491.820807280821
208.89999999999836, 3083.246718891551
208.9333333333317, 2287.907830498769
208.96666666666502, 1909.577680247262
208.99999999999835, 1736.9381428213612
209.03333333333168, 1605.916306049874
209.06666666666501, 1490.4215331464363
209.09999999999835, 1389.4038718419845
209.13333333333168, 1300.31270796138
209.166666666665, 1217.758579993224
209.19999999999834, 1136.4466408273427
209.23333333333167, 1065.8378471264343
209.266666666665, 1033.89427693225
209.29999999999833, 1067.7579719201167
209.33333333333167, 1160.5775098315519
209.366666666665, 1277.00773624954
209.39999999999833, 1378.1723747879034
209.43333333333166, 1399.826939073753
209.466666666665, 1263.6207565967595
209.49999999999832, 948.4395296954687
209.53333333333165, 766.9217971237274
209.566666666665, 1152.0392020358595
209.59999999999832, 2335.4835808049515
209.63333333333165, 3814.7056101849175
209.66666666666498, 4920.796605718764
209.6999999999983, 5210.200577204441
209.73333333333164, 4762.481108568469
209.76666666666497, 3737.6143772054224
209.7999999999983, 2657.494784072692
209.83333333333164, 2593.6446668108483
209.86666666666497, 4615.728426572788
209.8999999999983, 8673.709060632595
209.93333333333163, 13586.923784988081
209.96666666666496, 18120.612112732884
209.9999999999983, 20989.96588276078
210.03333333333163, 20876.579827037796
210.06666666666496, 16870.648099018872
210.0999999999983, 11015.403796903149
210.13333333333162, 6650.22358942955
210.16666666666495, 6189.982860571534
210.19999999999828, 7896.569681972771
210.23333333333161, 8874.564170538803
210.26666666666495, 7403.0268060408835
210.29999999999828, 5058.746621129938
210.3333333333316, 3979.280522621976
210.36666666666494, 5000.218289258876
210.39999999999827, 6600.240831753356
210.4333333333316, 7047.82023639111
210.46666666666493, 5844.183210372117
210.49999999999827, 3962.0815350282455
210.5333333333316, 2416.6918099097766
210.56666666666493, 1537.129119832925
210.59999999999826, 1108.7619630266038
210.6333333333316, 914.1362885666225
210.66666666666492, 842.5709796601021
210.69999999999825, 838.9971042316561
210.7333333333316, 854.9807768869376
210.76666666666492, 875.0910827283201
210.79999999999825, 894.909632755254
210.83333333333158, 908.6305248454221
210.8666666666649, 905.7862662308925
210.89999999999824, 875.0406625183933
210.93333333333157, 822.7960387440696
210.9666666666649, 793.1219308178097
210.99999999999824, 833.6766897573898
211.03333333333157, 936.8029322111454
211.0666666666649, 1018.172243041473
211.09999999999823, 992.3825822008532
211.13333333333156, 864.260535672471
211.1666666666649, 721.3482309699026
211.19999999999823, 646.6592387089793
211.23333333333156, 642.4809375364339
211.2666666666649, 662.3631574586124
211.29999999999822, 665.9709487096873
211.33333333333155, 655.8482379043699
211.36666666666488, 651.2311812035285
211.39999999999822, 664.1751889407711
211.43333333333155, 678.567478654859
211.46666666666488, 671.4680792657192
211.4999999999982, 634.4132137001596
211.53333333333154, 594.3960999703826
211.56666666666487, 583.3836478001767
211.5999999999982, 610.8521257242622
211.63333333333154, 650.7144631423807
211.66666666666487, 674.5899876393419
211.6999999999982, 675.0802780656263
211.73333333333153, 666.6074031883412
211.76666666666486, 663.5723050150727
211.7999999999982, 667.273259284211
211.83333333333152, 670.036502982735
211.86666666666486, 664.9820567402677
211.8999999999982, 652.3001001042504
211.93333333333152, 635.3158430846306
211.96666666666485, 616.6906826851528
211.99999999999818, 596.060880902553
212.0333333333315, 572.2223681991358
212.06666666666484, 546.3719607293509
212.09999999999818, 526.3689557047667
212.1333333333315, 521.1533710168472
212.16666666666484, 533.8506314478344
212.19999999999817, 557.2831248738642
212.2333333333315, 583.3312367029409
212.26666666666483, 607.3539587684097
212.29999999999816, 628.7372151443094
212.3333333333315, 647.0587953476578
212.36666666666483, 661.412379752183
212.39999999999816, 670.5233465953647
212.4333333333315, 673.5670605298147
212.46666666666482, 673.5191216992239
212.49999999999815, 675.2315265578458
212.53333333333148, 681.7260280390688
212.56666666666482, 686.8153229616668
212.59999999999815, 681.4450650633598
212.63333333333148, 661.7971453855081
212.6666666666648, 640.2056043422103
212.69999999999814, 632.0340518810866
212.73333333333147, 643.51601490402
212.7666666666648, 663.0872435907646
212.79999999999814, 677.409757154694
212.83333333333147, 683.414165524063
212.8666666666648, 691.0172612600304
212.89999999999813, 710.8093691686166
212.93333333333146, 750.7037417193421
212.9666666666648, 816.3953698136851
212.99999999999812, 909.8087663332313
213.03333333333146, 998.8444638289351
213.0666666666648, 1033.09561148156
213.09999999999812, 978.4793952444475
213.13333333333145, 891.2353500576938
213.16666666666478, 858.3455572172753
213.1999999999981, 934.4191648028578
213.23333333333144, 1065.245817126426
213.26666666666478, 1174.0192607552478
213.2999999999981, 1221.0928291004036
213.33333333333144, 1245.0047213483283
213.36666666666477, 1293.9587828161175
213.3999999999981, 1406.8131996529648
213.43333333333143, 1609.7560485115291
213.46666666666476, 1925.4135939694615
213.4999999999981, 2326.839276406245
213.53333333333143, 2743.2108983449457
213.56666666666476, 3136.477817335625
213.5999999999981, 3810.5007786024594
213.63333333333142, 5265.4978756140035
213.66666666666475, 7889.764225265107
213.69999999999808, 11400.922893102961
213.73333333333142, 15272.672001770052
213.76666666666475, 18997.833476016716
213.79999999999808, 22138.962306297293
213.8333333333314, 24274.60684471586
213.86666666666474, 25065.166352704116
213.89999999999807, 24353.290656100464
213.9333333333314, 22014.599120812294
213.96666666666474, 18329.589544337952
213.99999999999807, 14156.050289078006
214.0333333333314, 10374.193350093665
214.06666666666473, 7425.051507910412
214.09999999999806, 5342.406224542684
214.1333333333314, 4122.965941081326
214.16666666666472, 3534.3460619281855
214.19999999999806, 3206.559521067519
214.2333333333314, 2820.223955249407
214.26666666666472, 2379.0216458468954
214.29999999999805, 2009.4684900096124
214.33333333333138, 1800.8357333451956
214.3666666666647, 1702.3551945834056
214.39999999999804, 1630.6779168222997
214.43333333333138, 1531.649250344395
214.4666666666647, 1418.5254726405149
214.49999999999804, 1313.861932145469
214.53333333333137, 1230.5207749619678
214.5666666666647, 1167.1071534245834
214.59999999999803, 1121.0565965446092
214.63333333333136, 1089.1978168596027
214.6666666666647, 1067.7812247499126
214.69999999999803, 1052.8565815639704
214.73333333333136, 1038.5339846597533
214.7666666666647, 1017.7291621414506
214.79999999999802, 983.3816469967662
214.83333333333135, 928.6916262923369
214.86666666666468, 846.9607455884963
214.89999999999802, 743.4735369814998
214.93333333333135, 669.2026742328055
214.96666666666468, 685.8393123309122
214.999999999998, 809.6253484003918
215.03333333333134, 950.1998872257038
215.06666666666467, 1003.3280026047884
215.099999999998, 939.7481776044515
215.13333333333134, 841.7471408789095
215.16666666666467, 797.0010645917835
215.199999999998, 814.3212387738255
215.23333333333133, 826.7507223244504
215.26666666666466, 771.2513405046751
215.299999999998, 661.5166666997436
215.33333333333132, 558.7253013823439
215.36666666666466, 514.7818213803047
215.399999999998, 518.4828861095532
215.43333333333132, 534.0277456605594
215.46666666666465, 533.550185058574
215.49999999999798, 519.5945858136834
215.5333333333313, 501.92878419586935
215.56666666666464, 487.6495852279919
215.59999999999798, 477.6212515410154
215.6333333333313, 471.80957204632375
215.66666666666464, 469.59219897075513
215.69999999999797, 469.47885577837235
215.7333333333313, 470.01766775200565
215.76666666666463, 472.02939749417436
215.79999999999797, 478.49379760943265
215.8333333333313, 492.04167037045016
215.86666666666463, 510.62210635861595
215.89999999999796, 529.3297594389151
215.9333333333313, 542.7231911108644
215.96666666666462, 542.2932858909692
215.99999999999795, 518.3584881303519
216.03333333333129, 476.4112287146136
216.06666666666462, 478.33359438085415
216.09999999999795, 598.8099209820807
216.13333333333128, 845.0339161403488
216.1666666666646, 1070.7701041621792
216.19999999999794, 1111.2237310038872
216.23333333333127, 931.8962540511798
216.2666666666646, 685.2889549547099
216.29999999999794, 532.5616353396748
216.33333333333127, 519.3017024236183
216.3666666666646, 584.614304011325
216.39999999999793, 664.9770256532944
216.43333333333126, 710.7518373357079
216.4666666666646, 680.4754607992327
216.49999999999793, 555.6402201397866
216.53333333333126, 453.1307475289143
216.5666666666646, 539.5057224909724
216.59999999999792, 898.4250042558057
216.63333333333125, 1319.1609096347897
216.66666666666458, 1526.4737773740965
216.6999999999979, 1384.8364356309846
216.73333333333125, 1061.829484965993
216.76666666666458, 762.4261416547786
216.7999999999979, 589.9726443081453
216.83333333333124, 508.71918469137574
216.86666666666457, 473.8718069131611
216.8999999999979, 458.9701100680107
216.93333333333123, 453.6201000929513
216.96666666666457, 448.9949192179767
216.9999999999979, 446.0862015457607
217.03333333333123, 451.35559293445976
217.06666666666456, 468.84191082655985
217.0999999999979, 488.8248101737771
217.13333333333122, 496.84462753561985
217.16666666666455, 485.9626501195364
217.19999999999789, 474.18090847913396
217.23333333333122, 484.5326952545787
217.26666666666455, 521.7120009117497
217.29999999999788, 553.2057082833377
217.3333333333312, 543.1353969965185
217.36666666666454, 498.51861808269155
217.39999999999787, 481.28608265254854
217.4333333333312, 552.0810919074763
217.46666666666454, 691.5505764204252
217.49999999999787, 814.9584445669819
217.5333333333312, 844.4853974280691
217.56666666666453, 779.4494107531694
217.59999999999786, 658.9925322272733
217.6333333333312, 529.039470764136
217.66666666666453, 468.2383016638859
217.69999999999786, 565.5480050576272
217.7333333333312, 844.0870592612781
217.76666666666452, 1127.4524245013579
217.79999999999785, 1202.8971391794016
217.83333333333118, 993.3925597319677
217.8666666666645, 674.358617835396
217.89999999999785, 444.63522597846065
217.93333333333118, 375.02274660591036
217.9666666666645, 385.94578736779243
217.99999999999784, 393.567120198084
218.03333333333117, 376.03045264795793
218.0666666666645, 357.7934720436392
218.09999999999783, 360.6968069890621
218.13333333333117, 377.58555522843227
218.1666666666645, 387.72915920583205
218.19999999999783, 377.03409307723985
218.23333333333116, 361.9060037195674
218.2666666666645, 367.3852803922379
218.29999999999782, 405.48476682832506
218.33333333333115, 452.85966909001075
218.36666666666449, 480.41668904750924
218.39999999999782, 473.365509633975
218.43333333333115, 440.8443329483434
218.46666666666448, 394.89405764141304
218.4999999999978, 363.4475418481072
218.53333333333114, 391.234242754197
218.56666666666447, 518.0380727749083
218.5999999999978, 713.3376408835212
218.63333333333114, 899.5578805814321
218.66666666666447, 1005.6873883355713
218.6999999999978, 1011.0524452866334
218.73333333333113, 915.8731463399646
218.76666666666446, 734.3897640165546
218.7999999999978, 536.3567315413193
218.83333333333113, 405.1932001626668
218.86666666666446, 383.3563910133605
218.8999999999978, 415.66157644163326
218.93333333333112, 433.45929178816004
218.96666666666445, 408.96572664525786
218.99999999999778, 374.749407558358
219.03333333333111, 367.7314858865454
219.06666666666445, 414.5590033796516
219.09999999999778, 532.2948892608828
219.1333333333311, 729.4473746475484
219.16666666666444, 930.5866319533476
219.19999999999777, 1011.0330480739448
219.2333333333311, 877.35316924212
219.26666666666443, 620.7501742893407
219.29999999999777, 398.7489476847074
219.3333333333311, 320.5563863051783
219.36666666666443, 330.3422504172038
219.39999999999776, 337.4742719889155
219.4333333333311, 302.38922168916133
219.46666666666442, 290.5043453903547
219.49999999999775, 377.91569123076283
219.5333333333311, 556.7150415635265
219.56666666666442, 711.46942853727
219.59999999999775, 727.1576471472332
219.63333333333108, 608.390989314462
219.6666666666644, 456.3245012209245
219.69999999999774, 364.8247726972437
219.73333333333107, 342.82891763359316
219.7666666666644, 356.5751817003598
219.79999999999774, 376.3858043075637
219.83333333333107, 393.9847298672863
219.8666666666644, 407.58960690813774
219.89999999999773, 421.73601928045093
219.93333333333106, 459.05220391134526
219.9666666666644, 545.0274304510066
219.99999999999773, 675.0365759531693
220.03333333333106, 791.9857132641001
220.0666666666644, 835.310911591528
220.09999999999772, 792.8519134565036
220.13333333333105, 705.1639152738534
220.16666666666438, 613.4571041373943
220.19999999999771, 533.7007981680396
220.23333333333105, 464.6117028516832
220.26666666666438, 405.415762385232
220.2999999999977, 361.13520847568043
220.33333333333104, 339.2280580191838
220.36666666666437, 342.4713953498913
220.3999999999977, 354.9397943015619
220.43333333333103, 356.1049828358365
220.46666666666437, 342.0215737803089
220.4999999999977, 347.9645796536207
220.53333333333103, 413.9587232779816
220.56666666666436, 533.4650026935014
220.5999999999977, 632.3244956223612
220.63333333333102, 635.4499915400716
220.66666666666436, 553.240002214774
220.6999999999977, 473.80205139223847
220.73333333333102, 479.6473430952782
220.76666666666435, 570.8777408742801
220.79999999999768, 700.9732066511593
220.833333333331, 824.161123845674
220.86666666666434, 901.689938358902
220.89999999999768, 897.2155496932389
220.933333333331, 796.618971616376
220.96666666666434, 657.0585932587853
220.99999999999767, 549.6498417272434
221.033333333331, 509.9870249221043
221.06666666666433, 505.3538454633051
221.09999999999766, 495.8497582803321
221.133333333331, 459.9359647187326
221.16666666666433, 397.9254775351137
221.19999999999766, 315.25057032625136
221.233333333331, 271.9208731679586
221.26666666666432, 368.5047478662013
221.29999999999765, 678.8047091656317
221.33333333333098, 1067.4213753165693
221.36666666666432, 1303.4926534837555
221.39999999999765, 1224.2923861571915
221.43333333333098, 963.8563509609239
221.4666666666643, 736.2218865049258
221.49999999999764, 673.051704082744
221.53333333333097, 697.035057972232
221.5666666666643, 699.2247531585012
221.59999999999764, 630.0368343676997
221.63333333333097, 531.3722107654391
221.6666666666643, 452.04042046030276
221.69999999999763, 421.68258131570167
221.73333333333096, 451.58119231619605
221.7666666666643, 547.5059094416487
221.79999999999762, 665.5493484239806
221.83333333333096, 732.323961522629
221.8666666666643, 699.8452052239174
221.89999999999762, 668.7608982416846
221.93333333333095, 792.8365010310255
221.96666666666428, 1143.8844850156652
221.9999999999976, 1520.2992152128952
222.03333333333094, 1664.6794348420276
222.06666666666428, 1463.6976690205006
222.0999999999976, 1089.3674399399442
222.13333333333094, 744.4350306414117
222.16666666666427, 536.0882435034498
222.1999999999976, 455.269322513981
222.23333333333093, 484.07307596401665
222.26666666666426, 578.0770615104492
222.2999999999976, 672.8358941555667
222.33333333333093, 710.8145016583197
222.36666666666426, 691.0089643209195
222.3999999999976, 638.481213118293
222.43333333333092, 575.0195960008325
222.46666666666425, 507.591248652089
222.49999999999758, 439.15209834103666
222.53333333333092, 377.1339644502491
222.56666666666425, 340.29303093991086
222.59999999999758, 348.78162172110814
222.6333333333309, 401.53768856771205
222.66666666666424, 465.08956678404525
222.69999999999757, 504.9255339999059
222.7333333333309, 521.711053600446
222.76666666666424, 549.3137854505061
222.79999999999757, 617.3726470929549
222.8333333333309, 699.6035028331098
222.86666666666423, 737.2387195731739
222.89999999999756, 685.0735360154616
222.9333333333309, 575.8777169277477
222.96666666666422, 469.471142882715
222.99999999999756, 412.6201506500394
223.0333333333309, 410.0849279925717
223.06666666666422, 458.05332329071416
223.09999999999755, 535.1241080312055
223.13333333333088, 586.4608308958225
223.1666666666642, 555.9222924807226
223.19999999999754, 462.1432470304309
223.23333333333088, 410.6985070714093
223.2666666666642, 502.5400939708544
223.29999999999754, 710.4622215595328
223.33333333333087, 915.3713590821143
223.3666666666642, 1009.5450574891147
223.39999999999753, 980.441346357765
223.43333333333086, 856.7843875074386
223.4666666666642, 672.8769357978797
223.49999999999753, 484.87123474771084
223.53333333333086, 354.3325220326809
223.5666666666642, 315.8617488396334
223.59999999999752, 340.8118640806264
223.63333333333085, 391.7533591883763
223.66666666666418, 444.3181460029442
223.69999999999752, 492.6135407829399
223.73333333333085, 532.3064304435305
223.76666666666418, 561.9713096745709
223.7999999999975, 582.7114558516959
223.83333333333084, 595.0619221379084
223.86666666666417, 593.6731641202801
223.8999999999975, 570.0764680841135
223.93333333333084, 520.5513928497672
223.96666666666417, 465.28227612233826
223.9999999999975, 431.9052186437172
224.03333333333083, 437.8102229705814
224.06666666666416, 470.9783964395502
224.0999999999975, 514.1662872001359
224.13333333333082, 551.5168565703415
224.16666666666416, 569.5324915146082
224.1999999999975, 555.7128131764763
224.23333333333082, 516.4886081723826
224.26666666666415, 477.96057109089554
224.29999999999748, 465.08013364163077
224.3333333333308, 479.2854223352019
224.36666666666414, 507.07302094512426
224.39999999999748, 538.3734861994909
224.4333333333308, 585.6141718575834
224.46666666666414, 669.7348799301038
224.49999999999747, 796.2709039872777
224.5333333333308, 917.1709006650697
224.56666666666413, 973.0293391412085
224.59999999999746, 943.8522600068372
224.6333333333308, 889.4915103318467
224.66666666666413, 877.8842036813728
224.69999999999746, 923.4437229546684
224.7333333333308, 975.0502801005541
224.76666666666412, 982.947222335472
224.79999999999745, 974.3410259502398
224.83333333333078, 1034.0503754734943
224.86666666666412, 1225.3353926942273
224.89999999999745, 1441.2576090291213
224.93333333333078, 1498.3635689520033
224.9666666666641, 1283.3746654037957
224.99999999999744, 976.0177361666093
225.03333333333077, 831.6805746977095
225.0666666666641, 987.0193445337238
225.09999999999744, 1295.3778877876628
225.13333333333077, 1570.4154642750682
225.1666666666641, 1706.6202173932413
225.19999999999743, 1713.6127169519887
225.23333333333076, 1610.102492569266
225.2666666666641, 1419.9156468737563
225.29999999999742, 1171.318991634686
225.33333333333076, 896.5951082858891
225.3666666666641, 662.420260866423
225.39999999999742, 553.4917887041303
225.43333333333075, 632.2675652656661
225.46666666666408, 851.684346126733
225.4999999999974, 1131.2503043174738
225.53333333333075, 1386.6276331663257
225.56666666666408, 1522.8147888957233
225.5999999999974, 1444.4269107057823
225.63333333333074, 1157.5566152522504
225.66666666666407, 834.3731536559703
225.6999999999974, 655.4383109703374
225.73333333333073, 643.3889804510798
225.76666666666407, 664.2803184125488
225.7999999999974, 594.1377519033241
225.83333333333073, 484.95660168170207
225.86666666666406, 494.3163612777273
225.8999999999974, 739.100678294615
225.93333333333072, 1097.163999308557
225.96666666666405, 1362.1887267792263
225.99999999999739, 1389.7178263680473
226.03333333333072, 1233.2725210517294
226.06666666666405, 985.769954344306
226.09999999999738, 733.3277432302083
226.1333333333307, 549.436278975703
226.16666666666404, 503.55715784829863
226.19999999999737, 589.9751528733137
226.2333333333307, 719.0163084368081
226.26666666666404, 802.6838638359282
226.29999999999737, 828.5346036830852
226.3333333333307, 835.192387148424
226.36666666666403, 855.8950666949283
226.39999999999736, 882.6753636373224
226.4333333333307, 891.1171768309989
226.46666666666403, 862.9423568278592
226.49999999999736, 802.2756565956909
226.5333333333307, 718.4243676281105
226.56666666666402, 637.7520284475851
226.59999999999735, 622.1074746210319
226.63333333333068, 735.2938178747555
226.666666666664, 954.2127184102769
226.69999999999735, 1147.9397973743594
226.73333333333068, 1188.1366597870733
226.766666666664, 1080.2871477453357
226.79999999999734, 930.1965637386103
226.83333333333067, 832.5620248722726
226.866666666664, 782.9506124401197
226.89999999999733, 732.8576091166506
226.93333333333067, 647.2860910169672
226.966666666664, 546.7455734724908
226.99999999999733, 465.74395453587545
227.03333333333066, 426.865454305924
227.066666666664, 425.2700025022883
227.09999999999732, 452.10232295735096
227.13333333333065, 491.00086231240095
227.16666666666399, 515.3970772031308
227.19999999999732, 500.02825245552293
227.23333333333065, 453.1423795475696
227.26666666666398, 410.4376664589958
227.2999999999973, 403.1036836180399
227.33333333333064, 419.0486861943293
227.36666666666397, 425.10581534143176
227.3999999999973, 399.43427355258217
227.43333333333064, 371.2405010596444
227.46666666666397, 383.8640088253534
227.4999999999973, 455.1196206261742
227.53333333333063, 538.81645925643
227.56666666666396, 579.5866222376048
227.5999999999973, 558.3121625942844
227.63333333333063, 509.15713748420694
227.66666666666396, 468.8439224762408
227.6999999999973, 442.5516351252997
227.73333333333062, 407.6336520971644
227.76666666666395, 347.57471560428604
227.79999999999728, 308.9876994464009
227.83333333333061, 371.61737076121705
227.86666666666395, 586.9643218915962
227.89999999999728, 869.085895362323
227.9333333333306, 1090.7762375424581
227.96666666666394, 1162.8391182584414
227.99999999999727, 1098.5155064304888
228.0333333333306, 928.4129745227738
228.06666666666393, 700.9065060854743
228.09999999999727, 492.20897534218216
228.1333333333306, 377.5806053126354
228.16666666666393, 362.9578753534119
228.19999999999726, 389.35823764749944
228.2333333333306, 402.46999518259656
228.26666666666392, 416.7691140830913
228.29999999999725, 485.045032896175
228.3333333333306, 638.9447270835494
228.36666666666392, 799.5782750147689
228.39999999999725, 852.779161918358
228.43333333333058, 737.6693325867868
228.4666666666639, 545.3967007228687
228.49999999999724, 393.2362841871985
228.53333333333057, 341.7734705007552
228.5666666666639, 358.24901908590965
228.59999999999724, 401.849396963244
228.63333333333057, 446.21139008577904
228.6666666666639, 479.1339273097712
228.69999999999723, 490.2440172663016
228.73333333333056, 481.69693279763334
228.7666666666639, 462.942049547457
228.79999999999723, 442.74386781578613
228.83333333333056, 425.7015510329286
228.8666666666639, 415.02087286084435
228.89999999999722, 412.7655215484825
228.93333333333055, 417.6073126517134
228.96666666666388, 427.56501434903674
228.99999999999721, 438.6312702948743
229.03333333333055, 443.3428670594174
229.06666666666388, 434.4612185873914
229.0999999999972, 417.93846668724194
229.13333333333054, 413.06511331922775
229.16666666666387, 437.06067039153953
229.1999999999972, 479.0712089411413
229.23333333333053, 511.4105480112852
229.26666666666387, 514.0960594612325
229.2999999999972, 511.0456652736064
229.33333333333053, 541.2670538739362
229.36666666666386, 620.4717038207559
229.3999999999972, 693.2901034615447
229.43333333333052, 691.4683273693696
229.46666666666385, 598.4889318328629
229.4999999999972, 487.9155052034073
229.53333333333052, 439.5990428880373
229.56666666666385, 466.93691684347846
229.59999999999718, 514.975018519223
229.6333333333305, 533.3999866366602
229.66666666666384, 555.3595427398359
229.69999999999717, 664.7799063366101
229.7333333333305, 914.211797926146
229.76666666666384, 1176.1969333581865
229.79999999999717, 1260.6038146719573
229.8333333333305, 1062.2266894041427
229.86666666666383, 737.5088095589202
229.89999999999716, 491.86229303085156
229.9333333333305, 426.4069875310591
229.96666666666383, 459.6133955190738
229.99999999999716, 493.92178601663676
230.0333333333305, 490.67378785880595
230.06666666666382, 471.9616745027628
230.09999999999715, 460.91264430583385
230.13333333333048, 461.78593952601756
230.16666666666382, 467.3625909457394
230.19999999999715, 471.82137779114964
230.23333333333048, 478.06112656774945
230.2666666666638, 492.0076926060278
230.29999999999714, 517.56889727704
230.33333333333047, 552.47127771412
230.3666666666638, 593.1833572631315
230.39999999999714, 629.4921555636289
230.43333333333047, 639.5882211826812
230.4666666666638, 601.7680729654367
230.49999999999713, 524.4393933926486
230.53333333333046, 446.7098107188513
230.5666666666638, 406.37819579481777
230.59999999999712, 412.8884878675381
230.63333333333046, 458.68955888966434
230.6666666666638, 532.6662110743883
230.69999999999712, 605.4432630885988
230.73333333333045, 641.4386975908963
230.76666666666378, 623.1903999641781
230.7999999999971, 587.4297107597179
230.83333333333044, 580.5185783281707
230.86666666666378, 613.6918261581799
230.8999999999971, 638.6530564131793
230.93333333333044, 604.14576613282
230.96666666666377, 522.6768762716426
230.9999999999971, 470.1027733630808
231.03333333333043, 515.6510159363453
231.06666666666376, 633.7291781498875
231.0999999999971, 743.5772667303467
231.13333333333043, 780.0140501311647
231.16666666666376, 763.6983290137252
231.1999999999971, 743.4905675590052
231.23333333333042, 750.8784700531655
231.26666666666375, 767.3251516147071
231.29999999999708, 765.5441999718919
231.33333333333042, 731.4333498049438
231.36666666666375, 672.3890052119723
231.39999999999708, 598.0624950690625
231.4333333333304, 523.9380709834463
231.46666666666374, 471.06647289782006
231.49999999999707, 458.116775252775
231.5333333333304, 478.81861927555246
231.56666666666374, 513.0270599338039
231.59999999999707, 543.9243561231552
231.6333333333304, 572.0872931373754
231.66666666666373, 603.5177322536443
231.69999999999706, 641.6810907055734
231.7333333333304, 683.1273718722399
231.76666666666372, 723.17493728582
231.79999999999706, 753.2729072378554
231.8333333333304, 758.887421164162
231.86666666666372, 726.2870517046097
231.89999999999705, 667.1149993940962
231.93333333333038, 615.9418784281471
231.9666666666637, 604.3672999974578
231.99999999999704, 630.2543090738512
232.03333333333038, 673.79287700856
232.0666666666637, 716.1506522767673
232.09999999999704, 743.7812457306053
232.13333333333037, 744.7011515753032
232.1666666666637, 716.3197254190543
232.19999999999703, 679.9128318263027
232.23333333333036, 660.077887557005
232.2666666666637, 660.7411165348499
232.29999999999703, 655.9510586392591
232.33333333333036, 620.4824470671446
232.3666666666637, 581.8152786234481
232.39999999999702, 611.8675769711884
232.43333333333035, 765.0702383479227
232.46666666666368, 942.7131162740156
232.49999999999702, 971.7294894380759
232.53333333333035, 776.9471914043926
232.56666666666368, 704.2829594275777
232.599999999997, 1211.0241541802623
232.63333333333034, 2422.5793936912623
232.66666666666367, 3689.4936789247718
232.699999999997, 4264.256122657117
232.73333333333034, 3906.9822931025183
232.76666666666367, 3053.951668395988
232.799999999997, 2171.0603996746595
232.83333333333033, 1462.6353845813787
232.86666666666366, 930.2248712866689
232.899999999997, 581.7311041913374
232.93333333333032, 509.9753769181297
232.96666666666366, 845.3738308966954
232.999999999997, 1622.7408783291442
233.03333333333032, 2506.9995603451116
233.06666666666365, 3075.7681971841985
233.09999999999698, 3240.2250870545245
233.1333333333303, 3616.947375246018
233.16666666666364, 4885.39790994064
233.19999999999698, 6830.91046743635
233.2333333333303, 8156.5765215429565
233.26666666666364, 7616.69855678253
233.29999999999697, 5483.5127668998975
233.3333333333303, 3094.990017412909
233.36666666666363, 1628.3115122732065
233.39999999999696, 1081.417171647213
233.4333333333303, 984.3341057443538
233.46666666666363, 952.1334491906149
233.49999999999696, 895.582376539315
233.5333333333303, 789.2845772549447
233.56666666666362, 662.741671970813
233.59999999999695, 649.1726665997734
233.63333333333028, 892.6076277083229
233.66666666666362, 1518.0890475842937
233.69999999999695, 2630.06737538604
233.73333333333028, 4275.929832265688
233.7666666666636, 5877.7284067233895
233.79999999999694, 6466.099671012972
233.83333333333027, 5329.0755702584
233.8666666666636, 3235.931562874641
233.89999999999694, 1473.0328671553964
233.93333333333027, 903.6767298648475
233.9666666666636, 1120.542268802506
233.99999999999693, 1482.482807597831
234.03333333333026, 1598.8198665307468
234.0666666666636, 1496.0460493903438
234.09999999999692, 1246.2854602660695
234.13333333333026, 1052.4377158895006
234.1666666666636, 1242.6766654838234
234.19999999999692, 2136.585547586619
234.23333333333025, 3925.446987805258
234.26666666666358, 6730.127813086511
234.2999999999969, 10420.539265363204
234.33333333333024, 13657.128598292265
234.36666666666358, 14737.310621234323
234.3999999999969, 12840.315741760533
234.43333333333024, 9427.608857127985
234.46666666666357, 6306.697964388445
234.4999999999969, 4364.793056907099
234.53333333333023, 3155.210002790156
234.56666666666356, 2156.234170747998
234.5999999999969, 1346.0270716361747
234.63333333333023, 1119.5106548077513
234.66666666666356, 1852.304728192184
234.6999999999969, 3668.1340971905543
234.73333333333022, 6571.642612069812
234.76666666666355, 10239.194519665403
234.79999999999688, 13006.770950209757
234.83333333333022, 12874.34724817516
234.86666666666355, 9206.815269149523
234.89999999999688, 4378.966448115772
234.9333333333302, 1118.591134685515
234.96666666666354, 424.54621727227527
234.99999999999687, 1143.035789547764
235.0333333333302, 2037.413159799207
235.06666666666354, 2568.0469369985944
235.09999999999687, 2693.2182271776373
235.1333333333302, 2409.5588263529175
235.16666666666353, 1892.891520423307
235.19999999999686, 1390.6026355517683
235.2333333333302, 1098.5578180905882
235.26666666666353, 1036.3198610464344
235.29999999999686, 1186.026590073761
235.3333333333302, 1541.9271605319784
235.36666666666352, 2120.7684656819583
235.39999999999685, 2932.8532219251274
235.43333333333018, 3762.6934948458634
235.4666666666635, 4156.512225171608
235.49999999999685, 3712.108534244713
235.53333333333018, 2694.320884376531
235.5666666666635, 1769.3624240491213
235.59999999999684, 1465.6094334360196
235.63333333333017, 1550.677576432106
235.6666666666635, 1541.0615520938734
235.69999999999683, 1195.5340872618378
235.73333333333017, 952.5150997277594
235.7666666666635, 1363.3580978180462
235.79999999999683, 2664.655337006187
235.83333333333016, 4605.923252100116
235.8666666666635, 6887.330345727045
235.89999999999682, 9069.29298984881
235.93333333333015, 10588.986230019047
235.96666666666349, 10942.244711916925
235.99999999999682, 10149.812956350497
236.03333333333015, 8493.4936249442
236.06666666666348, 6315.922279556361
236.0999999999968, 4212.126076862599
236.13333333333014, 2843.07536074003
236.16666666666347, 2492.455328961527
236.1999999999968, 2583.407260728515
236.23333333333014, 2435.5313529604628
236.26666666666347, 1959.4102200487434
236.2999999999968, 1818.8203846705126
236.33333333333013, 2666.9386838525033
236.36666666666346, 4341.64907127699
236.3999999999968, 6089.518932991346
236.43333333333013, 7212.919341076639
236.46666666666346, 7466.416429123567
236.4999999999968, 6786.550951642086
236.53333333333012, 5264.416394465966
236.56666666666345, 3515.5167188316445
236.59999999999678, 2263.1100794738895
236.6333333333301, 1857.0629774912084
236.66666666666345, 1960.591574578504
236.69999999999678, 2174.6887394490022
236.7333333333301, 2383.9059413205687
236.76666666666344, 2766.754083787932
236.79999999999677, 3477.047217102745
236.8333333333301, 4276.629035564638
236.86666666666343, 4697.752930276248
236.89999999999677, 4400.046543671746
236.9333333333301, 3707.5109250063792
236.96666666666343, 3155.000900034499
236.99999999999676, 3054.4219489315005
237.0333333333301, 3121.2034296690595
237.06666666666342, 2976.507958660144
237.09999999999675, 2470.2522772817815
237.13333333333009, 1788.4680919381046
237.16666666666342, 1154.914365957106
237.19999999999675, 976.4072722756854
237.23333333333008, 1811.9225352450244
237.2666666666634, 4048.298836445243
237.29999999999674, 6716.040737067779
237.33333333333007, 8217.620602332272
237.3666666666634, 7494.03432008758
237.39999999999674, 5614.27076940537
237.43333333333007, 4164.859676095506
237.4666666666634, 3987.096757830207
237.49999999999673, 4368.159378925076
237.53333333333006, 4420.4052905602775
237.5666666666634, 3856.828392748602
237.59999999999673, 3088.382804413789
237.63333333333006, 2532.094755150064
237.6666666666634, 2211.7953892774767
237.69999999999672, 1893.7658837750764
237.73333333333005, 1429.8052865972395
237.76666666666338, 1189.6495306221916
237.79999999999671, 1727.7130623823798
237.83333333333005, 3253.6134701675237
237.86666666666338, 4947.732115383431
237.8999999999967, 5809.049452960635
237.93333333333004, 5487.1528041546
237.96666666666337, 4682.789978353317
237.9999999999967, 4188.475233771243
238.03333333333003, 4722.119809918111
238.06666666666337, 6933.940599350191
238.0999999999967, 11243.15607821852
238.13333333333003, 16124.723109938512
238.16666666666336, 19071.23699303453
238.1999999999967, 18273.229041469258
238.23333333333002, 14947.460043169223
238.26666666666335, 11119.191967746174
238.2999999999967, 8208.203519589033
238.33333333333002, 6271.179554058866
238.36666666666335, 5174.345186232336
238.39999999999668, 4638.669990012634
238.43333333333, 4204.729702974036
238.46666666666334, 3441.846758804702
238.49999999999667, 2436.977952108172
238.53333333333, 1637.840545877301
238.56666666666334, 1399.9855988929944
238.59999999999667, 1467.3065252603303
238.63333333333, 1351.5842734938765
238.66666666666333, 901.7054087820571
238.69999999999666, 1032.1010880470253
238.73333333333, 2851.930234273927
238.76666666666333, 6314.999175264294
238.79999999999666, 9420.02854957442
238.83333333333, 10070.639133286693
238.86666666666332, 8120.993150943625
238.89999999999665, 5266.627205638444
238.93333333332998, 3129.0474784080234
238.96666666666331, 2031.8254147574717
238.99999999999665, 1618.6753584637047
239.03333333332998, 1555.657137571656
239.0666666666633, 1634.408303889276
239.09999999999664, 1681.6688108752837
239.13333333332997, 1600.1450022051597
239.1666666666633, 1467.9539562994212
239.19999999999663, 1385.1767127541182
239.23333333332997, 1352.3638977042042
239.2666666666633, 1244.172768964119
239.29999999999663, 954.3465336937116
239.33333333332996, 734.7584281741767
239.3666666666633, 1090.1601286226446
239.39999999999662, 2479.923015191503
239.43333333332995, 5049.00502202329
239.4666666666633, 8821.794931361435
239.49999999999662, 13324.827564698522
239.53333333332995, 16509.972246418365
239.56666666666328, 16043.574344447363
239.5999999999966, 11513.715820851932
239.63333333332994, 5749.791378440246
239.66666666666328, 1791.8631883332844
239.6999999999966, 605.9342716137501
239.73333333332994, 1216.6513404984696
239.76666666666327, 2637.167890075665
239.7999999999966, 4432.532790515124
239.83333333332993, 6452.691215955892
239.86666666666326, 8447.861544679192
239.8999999999966, 9725.404132887084
239.93333333332993, 9475.31225791122
239.96666666666326, 7474.936230175897
239.9999999999966, 4822.42287996593
240.03333333332992, 2775.1395672692975
240.06666666666325, 1865.8947553169965
240.09999999999658, 1738.218509293055
240.13333333332992, 1985.8996357895694
240.16666666666325, 2262.1082366146684
240.19999999999658, 2260.4657060147565
240.2333333333299, 1791.9986724203893
240.26666666666324, 1356.9938582527461
240.29999999999657, 1707.8714462804253
240.3333333333299, 3354.3044679171285
240.36666666666324, 6075.5095248851285
240.39999999999657, 9507.520399004146
240.4333333333299, 12856.763870113753
240.46666666666323, 14642.439801782106
240.49999999999656, 13440.392731586613
240.5333333333299, 10028.86787133466
240.56666666666322, 7133.7143006805345
240.59999999999656, 7123.211829304419
240.6333333333299, 8938.458351344401
240.66666666666322, 9863.88285319107
240.69999999999655, 7980.6662321298845
240.73333333332988, 4610.807826170508
240.7666666666632, 1883.211270096115
240.79999999999654, 986.243558600704
240.83333333332988, 1151.8738738904106
240.8666666666632, 1402.4622218797604
240.89999999999654, 1765.1604545898606
240.93333333332987, 3407.198934193965
240.9666666666632, 7347.676294360244
240.99999999999653, 12267.874618556
241.03333333332986, 15387.075553844883
241.0666666666632, 14530.990931369115
241.09999999999653, 10872.43248397111
241.13333333332986, 6692.71375380017
241.1666666666632, 3788.978989522482
241.19999999999652, 2647.113178839677
241.23333333332985, 3516.670977254728
241.26666666666318, 5804.579017822936
241.29999999999652, 7700.510231987598
241.33333333332985, 7422.921438609323
241.36666666666318, 5137.637104810025
241.3999999999965, 2559.996527113604
241.43333333332984, 1220.5036272064658
241.46666666666317, 1046.7685048208966
241.4999999999965, 1278.178642856431
241.53333333332984, 1328.5951020374775
241.56666666666317, 1234.151756486744
241.5999999999965, 1167.0548555618439
241.63333333332983, 1249.3846224969927
241.66666666666316, 1511.467121886282
241.6999999999965, 1967.3345759430554
241.73333333332982, 2481.8073256445364
241.76666666666316, 2770.568209775842
241.7999999999965, 2582.6360165498627
241.83333333332982, 2039.0021023806414
241.86666666666315, 1463.530575080231
241.89999999999648, 1118.6312096815589
241.9333333333298, 978.5312062416967
241.96666666666314, 935.8333007320449
241.99999999999648, 904.5597548427917
242.0333333333298, 848.2870514797123
242.06666666666314, 739.8046739539848
242.09999999999647, 630.5552614241665
242.1333333333298, 669.7802427107574
242.16666666666313, 997.995378354991
242.19999999999646, 1569.8343486467463
242.2333333333298, 2213.335903545292
242.26666666666313, 2789.7256728471466
242.29999999999646, 3367.415434042491
242.3333333333298, 4089.3939592595843
242.36666666666312, 4940.898315823067
242.39999999999645, 5446.847206485493
242.43333333332978, 5057.4493978506125
242.46666666666312, 3734.634382759258
242.49999999999645, 2226.1871902860303
242.53333333332978, 1307.574969359864
242.5666666666631, 1086.977556090602
242.59999999999644, 1113.0318678226445
242.63333333332977, 990.8181651549089
242.6666666666631, 873.5695660076186
242.69999999999644, 1161.398028337702
242.73333333332977, 2072.8865870375303
242.7666666666631, 3157.2623176970656
242.79999999999643, 3814.1236960356555
242.83333333332976, 3836.4948991361853
242.8666666666631, 3759.5169832403603
242.89999999999642, 4171.918025799749
242.93333333332976, 4977.727914646558
242.9666666666631, 5382.1763257106195
242.99999999999642, 4673.276809571713
243.03333333332975, 3225.216155841963
243.06666666666308, 2012.7048872441806
243.0999999999964, 1812.047159469521
243.13333333332974, 2464.7545741087947
243.16666666666308, 3545.605740941072
243.1999999999964, 4605.143748127011
243.23333333332974, 5138.060403657806
243.26666666666307, 4652.614798884325
243.2999999999964, 3396.323237076989
243.33333333332973, 2526.3060895290696
243.36666666666306, 3130.5178156698826
243.3999999999964, 4769.911061920594
243.43333333332973, 5984.67313531068
243.46666666666306, 5595.913927350441
243.4999999999964, 4114.731337469731
243.53333333332972, 2643.809740661931
243.56666666666305, 1951.2955650649901
243.59999999999638, 1864.2856675043427
243.63333333332972, 2047.0050507922876
243.66666666666305, 2219.082080690343
243.69999999999638, 2181.6736332162977
243.7333333333297, 1772.5157333060852
243.76666666666304, 1304.0241854699032
243.79999999999637, 1467.267505733563
243.8333333333297, 2791.482732597935
243.86666666666304, 4611.909210506644
243.89999999999637, 5758.431987316938
243.9333333333297, 5450.122493756555
243.96666666666303, 4235.216983429427
243.99999999999636, 2940.358987787401
244.0333333333297, 2072.0108883669122
244.06666666666302, 1577.1027565803604
244.09999999999636, 1346.2280309519772
244.1333333333297, 1270.6230440548775
244.16666666666302, 1242.129147690131
244.19999999999635, 1170.4279591016837
244.23333333332968, 1116.1735751019492
244.266666666663, 1216.0508719350182
244.29999999999634, 1592.4760438771546
244.33333333332968, 2307.226833083684
244.366666666663, 3405.6686503294377
244.39999999999634, 4791.405383878388
244.43333333332967, 6075.757472932943
244.466666666663, 6843.1336984052205
244.49999999999633, 6929.393427485081
244.53333333332967, 6446.7532730851835
244.566666666663, 5536.391596040996
244.59999999999633, 4492.548379490313
244.63333333332966, 3699.8776506843255
244.666666666663, 3430.9974853793346
244.69999999999632, 3408.714105557594
244.73333333332965, 3189.842983932908
244.76666666666299, 2545.9176611459266
244.79999999999632, 1767.4987998416032
244.83333333332965, 1216.5127800831153
244.86666666666298, 1051.2991340512913
244.8999999999963, 1171.2835053997837
244.93333333332964, 1456.97497958136
244.96666666666297, 1761.6573504005644
244.9999999999963, 1919.9923673027843
245.03333333332964, 1805.1439608657165
245.06666666666297, 1512.665128993541
245.0999999999963, 1217.0163548572089
245.13333333332963, 1041.2706553212101
245.16666666666296, 963.6525522651317
245.1999999999963, 938.1548765175083
245.23333333332963, 972.9394420713203
245.26666666666296, 1155.1991617998935
245.2999999999963, 1566.4124865794877
245.33333333332962, 2104.40089432324
245.36666666666295, 2523.2226268937393
245.39999999999628, 2610.6773143239775
245.4333333333296, 2405.874704038094
245.46666666666295, 2050.991172865976
245.49999999999628, 1682.2524180205771
245.5333333333296, 1415.5244953811482
245.56666666666294, 1360.7649095240004
245.59999999999627, 1498.5762723539583
245.6333333333296, 1594.8489552131562
245.66666666666293, 1419.6042126781354
245.69999999999627, 1197.9772100104715
245.7333333333296, 1558.4028712210627
245.76666666666293, 2995.9899344699525
245.79999999999626, 4863.530332505594
245.8333333333296, 5979.995180216421
245.86666666666292, 5546.6819134649995
245.89999999999625, 4199.1118372490155
245.93333333332959, 2903.5849745392898
245.96666666666292, 2325.8041810277996
245.99999999999625, 2568.488633532987
246.03333333332958, 3654.9066438446175
246.0666666666629, 5209.043465212785
246.09999999999624, 6458.412299423262
246.13333333332957, 6705.824316394493
246.1666666666629, 6078.3110545493055
246.19999999999624, 5136.234281732975
246.23333333332957, 4350.610534774175
246.2666666666629, 3799.3311471089983
246.29999999999623, 3456.7737752209564
246.33333333332956, 3316.8290406892315
246.3666666666629, 3414.279095889205
246.39999999999623, 3783.118440758779
246.43333333332956, 4293.791225177514
246.4666666666629, 4636.545715963227
246.49999999999622, 4535.709387332766
246.53333333332955, 4157.731484253424
246.56666666666288, 3927.4469988255855
246.59999999999621, 4134.560994708379
246.63333333332955, 4414.498310184451
246.66666666666288, 4210.766728632547
246.6999999999962, 3294.023662073298
246.73333333332954, 2195.4160408503362
246.76666666666287, 1540.9332253041534
246.7999999999962, 1524.1951699246351
246.83333333332953, 1815.2789953354393
246.86666666666287, 2081.841940930013
246.8999999999962, 2326.4348938663197
246.93333333332953, 2766.7108090205247
246.96666666666286, 3522.5440192154274
246.9999999999962, 4182.44133958029
247.03333333332952, 4162.183427389466
247.06666666666285, 3251.4883955078376
247.0999999999962, 2195.696338490485
247.13333333332952, 1874.647210572175
247.16666666666285, 2528.1316879008864
247.19999999999618, 3552.2175510990087
247.2333333333295, 4314.304938466373
247.26666666666284, 4557.700133168858
247.29999999999617, 4288.191839796223
247.3333333333295, 3565.394816698651
247.36666666666284, 2727.870421410927
247.39999999999617, 2213.5268027079724
247.4333333333295, 2261.9251071249755
247.46666666666283, 2560.5548339782254
247.49999999999616, 2706.5678620402005
247.5333333333295, 2531.847103056175
247.56666666666283, 2201.9538905506183
247.59999999999616, 1901.6316423035175
247.6333333333295, 1725.2500055804876
247.66666666666282, 1699.2934354104445
247.69999999999615, 1831.3646727239332
247.73333333332948, 2021.353057588501
247.76666666666281, 2127.679618537477
247.79999999999615, 2114.35039597772
247.83333333332948, 2262.219972802064
247.8666666666628, 2904.545173943426
247.89999999999614, 3992.2000530045634
247.93333333332947, 4895.463808361124
247.9666666666628, 4977.2078359394145
247.99999999999613, 4252.921654184755
248.03333333332947, 3260.0605326945656
248.0666666666628, 2519.4914775790494
248.09999999999613, 2342.5518769771547
248.13333333332946, 2954.2482532200183
248.1666666666628, 4400.847958898721
248.19999999999612, 6157.759909521573
248.23333333332945, 7590.268801391096
248.2666666666628, 8313.310930462094
248.29999999999612, 8342.796453094308
248.33333333332945, 7734.357498641963
248.36666666666278, 6604.568976616421
248.3999999999961, 5121.382466106266
248.43333333332944, 3491.4124139721725
248.46666666666277, 2185.7132737050215
248.4999999999961, 1790.221220376265
248.53333333332944, 2559.3335699860772
248.56666666666277, 3626.6826048666917
248.5999999999961, 3900.6266542702156
248.63333333332943, 3119.9610539800224
248.66666666666276, 2420.5521858977045
248.6999999999961, 2998.186785503986
248.73333333332943, 4681.339927207021
248.76666666666276, 6095.5951594677335
248.7999999999961, 6058.612522668701
248.83333333332942, 5135.463911948973
248.86666666666275, 4684.108831494646
248.89999999999608, 5644.76738845162
248.93333333332941, 7471.769804771179
248.96666666666275, 9294.366291287086
248.99999999999608, 10413.203673950627
249.0333333333294, 10427.94869066973
249.06666666666274, 9013.877503033222
249.09999999999607, 6733.78957788058
249.1333333333294, 4957.221480204181
249.16666666666273, 4914.19355531327
249.19999999999607, 6520.703100226504
249.2333333333294, 9076.932616766833
249.26666666666273, 11755.954321874455
249.29999999999606, 13281.36343407555
249.3333333333294, 12287.911880520058
249.36666666666272, 8632.5109421227
249.39999999999606, 4360.8751505805
249.4333333333294, 1662.873866791735
249.46666666666272, 1041.2458169158556
249.49999999999605, 1429.876319028306
249.53333333332938, 1801.4193198531207
249.5666666666627, 1913.7773452441297
249.59999999999604, 1900.8859134311906
249.63333333332938, 1894.9926213505655
249.6666666666627, 2013.3357463381456
249.69999999999604, 2369.2390644570505
249.73333333332937, 3034.202018604336
249.7666666666627, 4003.6153203502404
249.79999999999603, 5248.244458275016
249.83333333332936, 6396.163426885223
249.8666666666627, 6752.665112564486
249.89999999999603, 5746.867788032732
249.93333333332936, 3910.6384323433595
249.9666666666627, 2309.7540269996293
249.99999999999602, 1834.0370432028658
250.03333333332935, 2701.1512046462635
250.06666666666268, 4967.227357835506
250.09999999999602, 8276.06980568686
250.13333333332935, 11516.93841431347
250.16666666666268, 13537.118052324484
250.199999999996, 13986.74654641881
250.23333333332934, 13274.362243660997
250.26666666666267, 11823.29753879711
250.299999999996, 9936.363335597924
250.33333333332934, 7857.992798889727
250.36666666666267, 5830.845639756738
250.399999999996, 4092.3851429055067
250.43333333332933, 2877.545844291267
250.46666666666266, 2293.7465386522613
250.499999999996, 2216.164201853204
250.53333333332932, 2491.218499382981
250.56666666666266, 2880.9324413780787
250.599999999996, 3068.165225086882
250.63333333332932, 2787.044124705774
250.66666666666265, 2205.931321895258
250.69999999999598, 1701.3995823094338
250.7333333333293, 1544.8901189547785
250.76666666666264, 1615.5425503971092
250.79999999999598, 1702.999726393195
250.8333333333293, 1676.2327185984384
250.86666666666264, 1546.5222565826862
250.89999999999597, 1344.190806922206
250.9333333333293, 1183.8268417271688
250.96666666666263, 1257.7268681447804
250.99999999999596, 1740.853971244451
251.0333333333293, 2650.2828411434975
251.06666666666263, 3928.93244754984
251.09999999999596, 5393.7424615448845
251.1333333333293, 6410.441486292421
251.16666666666262, 6250.580728568401
251.19999999999595, 4794.240969718861
251.23333333332928, 2985.7319408757276
251.26666666666262, 1838.255634537818
251.29999999999595, 1631.9878582371161
251.33333333332928, 1989.1329181525384
251.3666666666626, 2523.360058512002
251.39999999999594, 2959.799659291224
251.43333333332927, 3074.3143359708793
251.4666666666626, 2742.7972576599886
251.49999999999594, 2186.8473498843337
251.53333333332927, 1701.47816214875
251.5666666666626, 1474.1589430233719
251.59999999999593, 1510.8743057781198
251.63333333332926, 1794.8899440251112
251.6666666666626, 2215.388706426115
251.69999999999592, 2580.173604796798
251.73333333332926, 2729.6931791134966
251.7666666666626, 2757.523379248013
251.79999999999592, 2867.621379389712
251.83333333332925, 3154.6590234674013
251.86666666666258, 3350.8054643868645
251.8999999999959, 3118.374629828035
251.93333333332924, 2446.4664626116733
251.96666666666258, 1850.944104727996
251.9999999999959, 1861.1941375095444
252.03333333332924, 2436.4750845096296
252.06666666666257, 3065.594526884161
252.0999999999959, 3323.571954333164
252.13333333332923, 3462.04064514972
252.16666666666256, 4012.208258694131
252.1999999999959, 5198.734802980062
252.23333333332923, 6288.814718554639
252.26666666666256, 6376.229745229858
252.2999999999959, 5269.284966057517
252.33333333332922, 3865.525259653335
252.36666666666255, 3118.375734575129
252.39999999999588, 3436.9799425626456
252.43333333332922, 4806.376575746624
252.46666666666255, 7083.713026242234
252.49999999999588, 9393.180915724446
252.5333333333292, 10575.526526352483
252.56666666666254, 9997.857763052343
252.59999999999587, 8558.097426925231
252.6333333333292, 7414.407732514498
252.66666666666254, 6940.506729547454
252.69999999999587, 6390.3265076802745
252.7333333333292, 5025.001646952367
252.76666666666253, 3388.947233331779
252.79999999999586, 2961.0843129664554
252.8333333333292, 4836.066690371872
252.86666666666252, 7763.455833803969
252.89999999999586, 9652.916081978276
252.9333333333292, 9213.8405044229
252.96666666666252, 7302.889499667763
252.99999999999585, 5120.904229313453
253.03333333332918, 3383.5463011622387
253.0666666666625, 2164.2360425066363
253.09999999999584, 1483.9069645087047
253.13333333332918, 1260.6770647483736
253.1666666666625, 1343.428548803732
253.19999999999584, 1639.411628017684
253.23333333332917, 2370.2359477520295
253.2666666666625, 3859.620899391982
253.29999999999583, 6073.034117946485
253.33333333332916, 8097.944033258394
253.3666666666625, 8912.173502882548
253.39999999999583, 8246.070684051303
253.43333333332916, 6744.775671997665
253.4666666666625, 5113.108073392198
253.49999999999582, 4104.723970735283
253.53333333332915, 4503.35977336556
253.56666666666248, 6704.401176895092
253.59999999999582, 9257.040100067581
253.63333333332915, 10169.024238063044
253.66666666666248, 8682.746304034068
253.6999999999958, 6779.1585173397525
253.73333333332914, 6738.29674649895
253.76666666666247, 8926.609169748763
253.7999999999958, 11594.957525786238
253.83333333332914, 13018.10367459759
253.86666666666247, 12750.254573247932
253.8999999999958, 11058.275064200912
253.93333333332913, 8367.175834517337
253.96666666666246, 5738.784356452156
253.9999999999958, 4397.610228175215
254.03333333332913, 4803.3765583670265
254.06666666666246, 5894.463104160253
254.0999999999958, 6467.597893424598
254.13333333332912, 6192.86198618163
254.16666666666245, 5609.846353828798
254.19999999999578, 5239.04411266818
254.2333333333291, 5128.045676353638
254.26666666666245, 5089.074600651905
254.29999999999578, 4970.450618391326
254.3333333333291, 4761.571265944772
254.36666666666244, 4485.042577133641
254.39999999999577, 4191.001727359021
254.4333333333291, 3978.2727750250297
254.46666666666243, 3946.6212267582778
254.49999999999577, 4120.199162755621
254.5333333333291, 4456.048409486845
254.56666666666243, 4882.337976060942
254.59999999999576, 5135.6081469102755
254.6333333333291, 4868.318265987458
254.66666666666242, 3963.120844047925
254.69999999999575, 3052.8281792088655
254.73333333332909, 2914.6500657913357
254.76666666666242, 3843.7292474192377
254.79999999999575, 5383.844436347823
254.83333333332908, 7022.3786038040835
254.8666666666624, 8380.660296579734
254.89999999999574, 9184.882307563646
254.93333333332907, 9214.447514573594
254.9666666666624, 8560.792825896835
254.99999999999574, 7434.598056640151
255.03333333332907, 6042.621235412562
255.0666666666624, 4579.923029966515
255.09999999999573, 3238.601168250083
255.13333333332906, 2170.776754421452
255.1666666666624, 1474.1245585492295
255.19999999999573, 1226.748442540557
255.23333333332906, 1309.7772230713852
255.2666666666624, 1469.838770606018
255.29999999999572, 1499.9669513917179
255.33333333332905, 1451.1585837416987
255.36666666666238, 1458.8280000556829
255.3999999999957, 1608.7795773730736
255.43333333332905, 1867.1553632292107
255.46666666666238, 2179.903198809903
255.4999999999957, 2412.909442425427
255.53333333332904, 2337.6151919914255
255.56666666666237, 1805.7717183767845
255.5999999999957, 1551.1928291737302
255.63333333332903, 2826.638414264202
255.66666666666237, 6458.007608773415
255.6999999999957, 11348.13230340362
255.73333333332903, 15869.042072602791
255.76666666666236, 18727.940154124743
255.7999999999957, 19319.358324055665
255.83333333332902, 17173.229174181935
255.86666666666235, 13021.366519476596
255.89999999999569, 8812.258634495716
255.93333333332902, 6310.917813335517
255.96666666666235, 5286.093627922908
255.99999999999568, 4508.129966846618
256.03333333332904, 3195.8467476653614
256.0666666666624, 2254.591371744832
256.09999999999576, 2967.975594773917
256.1333333333291, 5655.425365559304
256.1666666666625, 8965.38470021672
256.19999999999584, 11429.375480879022
256.2333333333292, 12461.49740636636
256.26666666666256, 12234.825387612555
256.2999999999959, 10964.351802573705
256.3333333333293, 8982.728704548139
256.36666666666264, 6671.888622754244
256.399999999996, 4404.583581969155
256.43333333332936, 2525.0031216925945
256.4666666666627, 1368.6607293220507
256.4999999999961, 1106.3086612661032
256.53333333332944, 1669.0387761744173
256.5666666666628, 2940.3026718841447
256.59999999999616, 4411.864840440734
256.6333333333295, 5292.574368770684
256.6666666666629, 4974.690331527013
256.69999999999624, 3903.9274968843392
256.7333333333296, 2888.819749992465
256.76666666666296, 2436.7124779045
256.7999999999963, 2299.0511991805292
256.8333333333297, 2118.8340796821403
256.86666666666304, 1809.624973694182
256.8999999999964, 1612.8404564120592
256.93333333332976, 1760.8524424607153
256.9666666666631, 2183.5706567129787
256.9999999999965, 2629.7701163389916
257.03333333332984, 2881.2062663636043
257.0666666666632, 2878.182545605936
257.09999999999656, 2605.7656402574444
257.1333333333299, 2112.250452427187
257.1666666666633, 1575.3157968206392
257.19999999999663, 1186.4468121201185
257.23333333333, 1090.5602832658656
257.26666666666335, 1385.969276006174
257.2999999999967, 2130.111171284302
257.3333333333301, 3062.5298243160914
257.36666666666343, 3767.2855156160877
257.3999999999968, 3966.528574198656
257.43333333333015, 3879.449561174872
257.4666666666635, 3833.6339796039438
257.4999999999969, 3971.2202092501298
257.53333333333023, 4126.032280283823
257.5666666666636, 4117.095445583321
257.59999999999695, 3998.6941333328373
257.6333333333303, 4017.5741903343664
257.6666666666637, 4358.814691128067
257.69999999999703, 4778.352114873773
257.7333333333304, 4863.8229053485165
257.76666666666375, 4375.360879375054
257.7999999999971, 3562.165795016006
257.8333333333305, 2755.962174111307
257.86666666666383, 2148.1393490728587
257.8999999999972, 1741.5649358361968
257.93333333333055, 1519.1999237958878
257.9666666666639, 1384.046226873818
257.99999999999727, 1186.2974673825772
258.03333333333063, 860.946016948091
258.066666666664, 767.8951626341523
258.09999999999735, 1396.6764114137243
258.1333333333307, 2861.992532970207
258.16666666666407, 4441.912842437897
258.19999999999743, 5322.707752670439
258.2333333333308, 5257.353578402732
258.26666666666415, 4609.665893164723
258.2999999999975, 3750.6936702709304
258.33333333333087, 2846.0106955454926
258.36666666666423, 1953.305138896848
258.3999999999976, 1327.310131504841
258.43333333333095, 1980.5277104480604
258.4666666666643, 5088.597063718871
258.49999999999767, 10264.080149966938
258.53333333333103, 14374.030143767448
258.5666666666644, 14206.85076845171
258.59999999999775, 10081.9198604296
258.6333333333311, 5343.911003575206
258.66666666666447, 2960.128654031383
258.69999999999783, 2723.2535593037614
258.7333333333312, 3125.54678042666
258.76666666666455, 3062.4995073288355
258.7999999999979, 2623.151415823989
258.83333333333127, 2110.9331984901696
258.8666666666646, 1687.7711984093862
258.899999999998, 1320.651825260407
258.93333333333135, 981.8139348579589
258.9666666666647, 883.0622136669501
258.99999999999807, 1397.3254882088127
259.0333333333314, 2741.9236813384346
259.0666666666648, 4338.231940655663
259.09999999999815, 5360.480178592365
259.1333333333315, 5416.030459528968
259.16666666666487, 5082.964705816529
259.1999999999982, 5050.2938603961165
259.2333333333316, 5453.940239541277
259.26666666666495, 5835.665357679369
259.2999999999983, 5754.322446557882
259.33333333333167, 5176.696148796222
259.366666666665, 4281.424744882507
259.3999999999984, 3257.9324335144775
259.43333333333175, 2329.3279036149797
259.4666666666651, 1724.4825386451396
259.49999999999847, 1502.0698849049372
259.5333333333318, 1429.3359189778648
259.5666666666652, 1264.5841689705653
259.59999999999854, 1096.4617337648838
259.6333333333319, 1287.802123134234
259.66666666666526, 2194.127627239134
259.6999999999986, 4071.385289489589
259.733333333332, 7136.091052259426
259.76666666666534, 11356.435335259539
259.7999999999987, 16009.190153660416
259.83333333333206, 20248.509388453767
259.8666666666654, 23103.134922956477
259.8999999999988, 23438.031376671155
259.93333333333214, 20286.648388326423
259.9666666666655, 14714.419684061118
259.99999999999886, 9072.125667525333
260.0333333333322, 5290.482469707331
260.0666666666656, 3255.3666151418006
260.09999999999894, 2260.646577898319
260.1333333333323, 1767.5381672168905
260.16666666666566, 1583.7962860100752
260.199999999999, 1561.180795988577
260.2333333333324, 1574.7479069110866
260.26666666666574, 1522.6271586886737
260.2999999999991, 1336.4878659101582
260.33333333333246, 1204.0569189651578
260.3666666666658, 1434.1425625579172
260.3999999999992, 2167.699004096882
260.43333333333254, 2978.7575207984733
260.4666666666659, 3332.5226547914713
260.49999999999926, 3297.789347053085
260.5333333333326, 3873.376476618296
260.566666666666, 6030.625766711423
260.59999999999934, 9223.834047614013
260.6333333333327, 11779.813668707679
260.66666666666606, 12294.309810209572
260.6999999999994, 11005.141857336585
260.7333333333328, 8716.726842414291
260.76666666666614, 6191.102818872406
260.7999999999995, 4086.002721771931
260.83333333333286, 3021.5168222184748
260.8666666666662, 2960.573837689384
260.8999999999996, 3113.761231555699
260.93333333333294, 2763.1061802608447
260.9666666666663, 2250.5745188571655
260.99999999999966, 2499.3646658301477
261.033333333333, 4172.7695647828405
261.0666666666664, 6889.539416309175
261.09999999999974, 10009.676778239638
261.1333333333331, 12694.897363774951
261.16666666666646, 13757.148042134895
261.1999999999998, 12094.177577893703
261.2333333333332, 8700.94204858387
261.26666666666654, 6343.090500240186
261.2999999999999, 7243.928515507205
261.33333333333326, 9789.40847759032
261.3666666666666, 10851.21864568198
261.4, 8617.526218821735
261.43333333333334, 4928.255499675547
261.4666666666667, 2209.242864049756
261.50000000000006, 1366.7818625817208
261.5333333333334, 1358.2916970161925
261.5666666666668, 1135.5266737819513
261.60000000000014, 977.3270076192088
261.6333333333335, 1976.8707119193452
261.66666666666686, 4754.61050358741
261.7000000000002, 7785.524354633402
261.7333333333336, 8960.99555200817
261.76666666666694, 7421.44231964003
261.8000000000003, 4752.124877918868
261.83333333333366, 2760.7831638844227
261.866666666667, 2021.3599767372548
261.9000000000004, 1962.210083731138
261.93333333333374, 2038.6702666053475
261.9666666666671, 2210.047277968681
262.00000000000045, 2655.233146253463
262.0333333333338, 3431.1484114744853
262.0666666666672, 4220.605826440066
262.10000000000053, 4640.176433613702
262.1333333333339, 4520.837381144504
262.16666666666725, 3992.0765488831885
262.2000000000006, 3209.545030048351
262.233333333334, 2378.0592478498606
262.26666666666733, 1735.0717961475018
262.3000000000007, 1460.519659829543
262.33333333333405, 1454.726934168256
262.3666666666674, 1535.700450715775
262.4000000000008, 1798.8180396380435
262.43333333333413, 2922.6928971337
262.4666666666675, 5596.006109461829
262.50000000000085, 9073.528441896262
262.5333333333342, 11192.017845474697
262.5666666666676, 10098.278482941709
262.60000000000093, 6789.404151343663
262.6333333333343, 3585.137047482955
262.66666666666765, 2255.5299852984344
262.700000000001, 2768.5132830256443
262.7333333333344, 4720.687589677259
262.76666666666773, 7320.635083049042
262.8000000000011, 9208.945847465722
262.83333333333445, 9103.038139576349
262.8666666666678, 7291.8053207943585
262.90000000000117, 5155.975550998348
262.93333333333453, 4020.493109817852
262.9666666666679, 4817.880595687958
263.00000000000125, 8350.636774670324
263.0333333333346, 14144.494528376103
263.06666666666797, 18936.583329753474
263.10000000000133, 19235.411463851095
263.1333333333347, 14877.95647472488
263.16666666666805, 9096.665491111311
263.2000000000014, 4944.244910714021
263.23333333333477, 2827.549338289531
263.26666666666813, 1890.3140457775985
263.3000000000015, 1413.8208316515552
263.33333333333485, 1161.5501569201688
263.3666666666682, 998.1655457839097
263.40000000000157, 860.114233874735
263.43333333333493, 790.7986565788112
263.4666666666683, 835.0626515346357
263.50000000000165, 942.3009036617544
263.533333333335, 994.7238710134509
263.56666666666837, 910.8660052035343
263.6000000000017, 801.3005930177712
263.6333333333351, 836.9640530826396
263.66666666666845, 1072.9829150936243
263.7000000000018, 1310.4886728752024
263.73333333333517, 1325.9054770055427
263.7666666666685, 1109.4571883484498
263.8000000000019, 869.2674166850262
263.83333333333525, 795.7143923327067
263.8666666666686, 861.6271091481133
263.90000000000197, 936.5915696117286
263.9333333333353, 925.1098563496997
263.9666666666687, 848.2332329917022
264.00000000000205, 750.74180968794
264.0333333333354, 670.8600124291715
264.06666666666877, 637.1895464730277
264.1000000000021, 673.0318450859511
264.1333333333355, 743.8364902173004
264.16666666666885, 775.1220047495353
264.2000000000022, 713.1554169650921
264.23333333333557, 610.8666526561086
264.2666666666689, 553.8878996678992
264.3000000000023, 584.6479151714634
264.33333333333564, 653.6583481325065
264.366666666669, 701.4780365489833
264.40000000000236, 709.393826245648
264.4333333333357, 698.8532122488717
264.4666666666691, 689.7691170972878
264.50000000000244, 677.6579070545371
264.5333333333358, 646.9171196520555
264.56666666666916, 590.6980165853427
264.6000000000025, 529.6959668825343
264.6333333333359, 489.5662906813898
264.66666666666924, 477.09094037951974
264.7000000000026, 472.635451496872
264.73333333333596, 457.34783448654855
264.7666666666693, 445.04435237800595
264.8000000000027, 470.9385858895372
264.83333333333604, 557.005721011599
264.8666666666694, 662.0608467642732
264.90000000000276, 726.8571562391287
264.9333333333361, 725.0853064567527
264.9666666666695, 696.1347976758049
265.00000000000284, 685.2823228470686
265.0333333333362, 699.6028644244421
265.06666666666956, 710.879952205895
265.1000000000029, 694.4187178410851
265.1333333333363, 659.056457696187
265.16666666666964, 627.8001701450943
265.200000000003, 613.6133206379511
265.23333333333636, 600.4315049791355
265.2666666666697, 567.5279449849756
265.3000000000031, 514.2948595302554
265.33333333333644, 466.12248534142697
265.3666666666698, 447.8397752081287
265.40000000000316, 460.10334993443024
265.4333333333365, 489.0399035523418
265.4666666666699, 521.6250577307337
265.50000000000324, 549.2255817365589
265.5333333333366, 564.3901110513018
265.56666666666996, 562.6410509335102
265.6000000000033, 544.8814697387768
265.6333333333367, 513.7287776535784
265.66666666667004, 491.38065561619635
265.7000000000034, 516.4406016516751
265.73333333333676, 614.1318149339407
265.7666666666701, 724.6743273638052
265.8000000000035, 756.2524413937175
265.83333333333684, 666.1088084218682
265.8666666666702, 537.0050474824212
265.90000000000356, 469.0444058776011
265.9333333333369, 488.9841399838477
265.9666666666703, 538.8331558292222
266.00000000000364, 561.7547588412549
266.033333333337, 554.2034283904794
266.06666666667036, 541.0305922559434
266.1000000000037, 542.6687483033804
266.1333333333371, 562.4544790779138
266.16666666667044, 599.3868196366167
266.2000000000038, 624.2984063700751
266.23333333333716, 563.2457053798382
266.2666666666705, 362.13729880009464
266.3000000000039, 300.0212605158692
266.33333333333724, 900.8663386582008
266.3666666666706, 2471.7920736203905
266.40000000000396, 4157.0547676226
266.4333333333373, 4726.145715899956
266.4666666666707, 3710.2727298300633
266.50000000000404, 2315.192380893579
266.5333333333374, 1917.2605654504443
266.56666666667076, 2693.0934695116534
266.6000000000041, 3618.6803791899238
266.6333333333375, 3748.7711438313154
266.66666666667084, 3124.406563216882
266.7000000000042, 2235.729128679881
266.73333333333755, 1475.230117019332
266.7666666666709, 928.8902131628381
266.8000000000043, 622.8869432712288
266.83333333333763, 530.7659719527975
266.866666666671, 554.8070942703414
266.90000000000435, 597.5012364925996
266.9333333333377, 619.8861023599774
266.9666666666711, 619.4851060465401
267.00000000000443, 597.6024797728674
267.0333333333378, 569.4510060513263
267.06666666667115, 553.9109236924381
267.1000000000045, 562.1575624644956
267.1333333333379, 591.240943098566
267.16666666667123, 635.9038249532847
267.2000000000046, 677.2890708376898
267.23333333333795, 685.1293267329837
267.2666666666713, 636.5133988551489
267.3000000000047, 555.1678347563974
267.33333333333803, 482.22814511054924
267.3666666666714, 444.50911008447537
267.40000000000475, 432.9929585129322
267.4333333333381, 433.2977143154443
267.4666666666715, 434.90839349495434
267.50000000000483, 431.6353041180014
267.5333333333382, 419.0249917818763
267.56666666667155, 405.5660369643269
267.6000000000049, 406.3329177624021
267.63333333333827, 428.48200684282443
267.66666666667163, 451.85003438037575
267.700000000005, 450.9839008284207
267.73333333333835, 430.419477170286
267.7666666666717, 439.24363756302114
267.80000000000507, 523.6001949209946
267.83333333333843, 647.7335593177041
267.8666666666718, 720.2315173639998
267.90000000000515, 675.750157118342
267.9333333333385, 576.8538384322866
267.96666666667187, 523.3213235312204
268.00000000000523, 557.7052975071022
268.0333333333386, 609.4724481699159
268.06666666667195, 599.4039388734161
268.1000000000053, 535.3078348393072
268.13333333333867, 502.90370820029233
268.16666666667203, 567.9792209339164
268.2000000000054, 649.2526262672695
268.23333333333875, 607.0134514290933
268.2666666666721, 417.4782623137365
268.30000000000547, 363.5399586954345
268.3333333333388, 766.4002953075025
268.3666666666722, 1582.1630134069512
268.40000000000555, 2339.812801406502
268.4333333333389, 2594.4785411643725
268.46666666667227, 2355.4719422724343
268.5000000000056, 1872.7175644774559
268.533333333339, 1365.3260952779438
268.56666666667235, 935.1048024231371
268.6000000000057, 656.7366596128484
268.63333333333907, 542.8802736492659
268.6666666666724, 511.68749756890554
268.7000000000058, 479.96314452774175
268.73333333333915, 449.03782975525473
268.7666666666725, 478.7552963710321
268.80000000000587, 608.7261795505384
268.8333333333392, 776.3032317917115
268.8666666666726, 888.6706528686973
268.90000000000595, 897.0001885969891
268.9333333333393, 839.8358415638221
268.96666666667267, 763.9260871167195
269.000000000006, 676.0799374366251
269.0333333333394, 547.4158866814184
269.06666666667275, 380.27708947013696
269.1000000000061, 385.4609819555529
269.13333333333946, 855.6210791846087
269.1666666666728, 1845.3230154348566
269.2000000000062, 2790.015260612326
269.23333333333954, 3044.042303566645
269.2666666666729, 2501.116952437923
269.30000000000626, 1672.2720949466693
269.3333333333396, 1055.718721530127
269.366666666673, 744.3707312670075
269.40000000000634, 622.7683682622868
269.4333333333397, 588.9110325751595
269.46666666667306, 592.5828121748632
269.5000000000064, 595.1784343383614
269.5333333333398, 587.4465558748146
269.56666666667314, 602.9920066714882
269.6000000000065, 674.2860518526868
269.63333333333986, 779.6373170781982
269.6666666666732, 861.6711499641419
269.7000000000066, 875.8848210645623
269.73333333333994, 838.2894053398484
269.7666666666733, 781.7336077929394
269.80000000000666, 727.600515805136
269.83333333334, 675.9359430365495
269.8666666666734, 624.5709547995622
269.90000000000674, 573.2249564123022
269.9333333333401, 523.1925755816626
269.96666666667346, 478.7203763552457
270.0000000000068, 461.0931181152349
270.0333333333402, 497.6946719583357
270.06666666667354, 588.427293176085
270.1000000000069, 667.8903071822293
270.13333333334026, 664.4538864449336
270.1666666666736, 587.9972132857145
270.200000000007, 533.7604475518718
270.23333333334034, 598.1770498511743
270.2666666666737, 855.8467182519843
270.30000000000706, 1371.1565491709764
270.3333333333404, 2096.104888992799
270.3666666666738, 2641.175581749295
270.40000000000714, 2563.2005366802464
270.4333333333405, 1853.407204318949
270.46666666667386, 1071.0221216464793
270.5000000000072, 761.2622324355871
270.5333333333406, 934.7752083955331
270.56666666667394, 1289.4694194764465
270.6000000000073, 1561.9107628615793
270.63333333334066, 1654.5504787887678
270.666666666674, 1511.7584471866583
270.7000000000074, 1184.1062697167197
270.73333333334074, 895.0412488892395
270.7666666666741, 865.4165675119809
270.80000000000746, 1061.7906458613895
270.8333333333408, 1265.7052707067837
270.8666666666742, 1293.8883326483287
270.90000000000754, 1158.6031752480042
270.9333333333409, 932.8666228748978
270.96666666667426, 711.5274768427636
271.0000000000076, 633.5999200861488
271.033333333341, 835.5560809323439
271.06666666667434, 1304.0023164981744
271.1000000000077, 1891.248292412472
271.13333333334106, 2431.8139840211797
271.1666666666744, 2677.797984231678
271.2000000000078, 2350.0118014823875
271.23333333334114, 1496.702958864388
271.2666666666745, 991.2256797991026
271.30000000000786, 1794.519243182219
271.3333333333412, 3767.662927143073
271.3666666666746, 5566.597339182009
271.40000000000794, 5961.1984918073
271.4333333333413, 5135.364213647843
271.46666666667466, 3955.9515607692697
271.500000000008, 3088.2385926526163
271.5333333333414, 2551.3055871484544
271.56666666667473, 2237.4215276564787
271.6000000000081, 2020.5619688364175
271.63333333334145, 1750.3200233727162
271.6666666666748, 1304.1930372309625
271.7000000000082, 866.1077292136542
271.73333333334153, 801.1670813317
271.7666666666749, 1338.2199641298528
271.80000000000825, 2165.435144699408
271.8333333333416, 2841.931909668161
271.866666666675, 3112.809440267145
271.90000000000833, 3023.643802817811
271.9333333333417, 2654.2690428045053
271.96666666667505, 2177.67489855735
272.0000000000084, 1833.5347484847093
272.0333333333418, 1791.1312741890654
272.06666666667513, 1873.0144029073522
272.1000000000085, 1798.6424653072395
272.13333333334185, 1458.2643086432165
272.1666666666752, 1075.9139559180303
272.2000000000086, 901.3621488640745
272.23333333334193, 955.4389712808504
272.2666666666753, 1062.342414813866
272.30000000000865, 1077.4692511489309
272.333333333342, 1079.8214492376637
272.36666666667537, 1230.3512552825434
272.40000000000873, 1579.236239332403
272.4333333333421, 1914.8986620983617
272.46666666667545, 1995.537863710709
272.5000000000088, 1759.7059597105597
272.53333333334217, 1330.4503983962454
272.56666666667553, 887.1042708209537
272.6000000000089, 960.0538608304557
272.63333333334225, 2235.160974925328
272.6666666666756, 4826.3451177871375
272.70000000000897, 7217.01035832956
272.73333333334233, 7646.985226349512
272.7666666666757, 5848.32798331782
272.80000000000905, 3360.4704140968397
272.8333333333424, 1690.3991614236138
272.86666666667577, 1072.606195757066
272.90000000000913, 1066.293712311529
272.9333333333425, 1295.8581623634043
272.96666666667585, 1630.4967267211698
273.0000000000092, 1991.2324102265254
273.03333333334257, 2270.2969497070676
273.0666666666759, 2318.8325561978295
273.1000000000093, 2008.2270939612936
273.13333333334265, 1471.4703460366973
273.166666666676, 1005.5227759839942
273.20000000000937, 845.8830667969108
273.2333333333427, 964.9502978811446
273.2666666666761, 1267.0457651967718
273.30000000000945, 1621.7725134415982
273.3333333333428, 1840.581222545622
273.36666666667617, 1747.0139537329703
273.4000000000095, 1410.313115297492
273.4333333333429, 1079.959792420385
273.46666666667625, 973.6887132951192
273.5000000000096, 1133.2839078965098
273.53333333334297, 1546.7588027002967
273.5666666666763, 2208.7540108698845
273.6000000000097, 3126.9211850930365
273.63333333334305, 4284.633421977746
273.6666666666764, 5213.700716844018
273.70000000000977, 5061.332839855486
273.7333333333431, 3331.116475508425
273.7666666666765, 1670.4282353635624
273.80000000000985, 2493.1190657443076
273.8333333333432, 6698.036482825342
273.86666666667657, 11720.270741781944
273.9000000000099, 14603.259446237174
273.9333333333433, 14391.423452156736
273.96666666667664, 12094.072209305665
274.00000000001, 8780.509307757231
274.03333333334336, 5364.21934626221
274.0666666666767, 2692.79046422917
274.1000000000101, 1405.2137047993688
274.13333333334344, 1587.0167805097517
274.1666666666768, 3216.0503292708663
274.20000000001016, 5787.363711601541
274.2333333333435, 8252.8043363893
274.2666666666769, 9627.540223097165
274.30000000001024, 9675.098967464164
274.3333333333436, 8522.392567694205
274.36666666667696, 6412.210656146887
274.4000000000103, 3936.537031349618
274.4333333333437, 1758.6484287354974
274.46666666667704, 705.6117718347177
274.5000000000104, 1814.4539869079713
274.53333333334376, 5912.739132307507
274.5666666666771, 11694.787354265805
274.6000000000105, 16670.240843668915
274.63333333334384, 18834.010289106864
274.6666666666772, 17948.82116310581
274.70000000001056, 14194.038214246986
274.7333333333439, 8991.98146746011
274.7666666666773, 5570.928426951638
274.80000000001064, 6933.466587210966
274.833333333344, 11943.690556837286
274.86666666667736, 16859.16915745268
274.9000000000107, 18658.554534527837
274.9333333333441, 17423.1755727786
274.96666666667744, 14027.003444007449
275.0000000000108, 9541.026278481744
275.03333333334416, 5359.104306868514
275.0666666666775, 2809.95276598774
275.1000000000109, 1962.5388485099938
275.13333333334424, 1993.1151182206108
275.1666666666776, 2220.6310690082382
275.20000000001096, 2714.2613826486886
275.2333333333443, 3756.1622755611825
275.2666666666777, 5173.0649226468395
275.30000000001104, 5953.828643683486
275.3333333333444, 5110.896331351567
275.36666666667776, 3430.3885739198317
275.4000000000111, 3102.2848645669374
275.4333333333445, 5787.731750090148
275.46666666667784, 10165.588873977515
275.5000000000112, 13943.113054324469
275.53333333334456, 15584.646759425874
275.5666666666779, 15111.804342608999
275.6000000000113, 12766.429456834994
275.63333333334464, 9318.67687475652
275.666666666678, 6002.545387535845
275.70000000001136, 3870.9756187173143
275.7333333333447, 2811.5540812227105
275.7666666666781, 2285.202800229167
275.80000000001144, 1907.0230995652428
275.8333333333448, 1645.9576974520837
275.86666666667816, 1517.1849069033779
275.9000000000115, 1471.4335392530568
275.9333333333449, 1397.0724623231054
275.96666666667824, 1212.9652913414022
276.0000000000116, 1057.1585390496416
276.03333333334496, 1156.5774555222429
276.0666666666783, 1599.4363530414278
276.1000000000117, 2122.5693090452182
276.13333333334504, 2416.4358640370447
276.1666666666784, 2384.200165489268
276.20000000001176, 2154.4256790465583
276.2333333333451, 1859.5909380357045
276.2666666666785, 1580.8975561534326
276.30000000001183, 1376.5342687518125
276.3333333333452, 1280.162370534875
276.36666666667855, 1257.4941940063081
276.4000000000119, 1262.6505122081333
276.4333333333453, 1253.7717254523704
276.46666666667863, 1193.6350016557262
276.500000000012, 1064.27438940741
276.53333333334535, 1003.3541044731944
276.5666666666787, 1224.685830251362
276.6000000000121, 1878.6484470232576
276.63333333334543, 2920.8665901135487
276.6666666666788, 4263.5087863611425
276.70000000001215, 5586.689200665596
276.7333333333455, 6280.8643214734875
276.7666666666789, 5822.962907930566
276.80000000001223, 4635.312602785623
276.8333333333456, 3641.8580230637076
276.86666666667895, 3488.064249933778
276.9000000000123, 3881.5636613866823
276.9333333333457, 4342.113870126204
276.96666666667903, 4644.01693444014
277.0000000000124, 4903.36417189455
277.03333333334575, 5237.7838078927
277.0666666666791, 5542.545309747383
277.10000000001247, 5585.945807948768
277.13333333334583, 5218.026429540854
277.1666666666792, 4586.886571579615
277.20000000001255, 3905.9346091806683
277.2333333333459, 3320.319388437695
277.26666666667927, 2877.174827166683
277.30000000001263, 2609.2231700307984
277.333333333346, 2475.5060284433007
277.36666666667935, 2390.105806210581
277.4000000000127, 2283.9681764779184
277.43333333334607, 2155.3529811336284
277.46666666667943, 2018.6296116091469
277.5000000000128, 1884.2176265660626
277.53333333334615, 1756.5073630144645
277.5666666666795, 1640.3825708965273
277.60000000001287, 1552.4268459731197
277.63333333334623, 1516.8003425786485
277.6666666666796, 1544.3073226514584
277.70000000001295, 1590.463043428973
277.7333333333463, 1598.0693640977718
277.76666666667967, 1607.4406849580892
277.80000000001303, 1816.1770350473257
277.8333333333464, 2403.468178162189
277.86666666667975, 3137.7223974996846
277.9000000000131, 3506.91567707735
277.93333333334647, 3148.57015356883
277.9666666666798, 2372.9933324471845
278.0000000000132, 1670.1172094339722
278.03333333334655, 1304.7402817041138
278.0666666666799, 1160.2627683885898
278.10000000001327, 1089.2257147244259
278.1333333333466, 1025.4619602852474
278.16666666668, 960.9266557306843
278.20000000001335, 920.9971526166155
278.2333333333467, 1077.8570448024745
278.26666666668007, 1642.3885498663783
278.3000000000134, 2546.6280153515663
278.3333333333468, 3229.525632485992
278.36666666668015, 3127.946255075956
278.4000000000135, 2366.248805866611
278.43333333334687, 1580.2837243929328
278.4666666666802, 1280.284502346357
278.5000000000136, 1319.938640926066
278.53333333334695, 1359.2020769726103
278.5666666666803, 1217.1909261470955
278.60000000001367, 1005.0170629286503
278.633333333347, 861.1204598027921
278.6666666666804, 865.0386772723239
278.70000000001374, 1050.9987039729147
278.7333333333471, 1412.8541008884754
278.76666666668046, 1750.8040219434272
278.8000000000138, 1806.9629752388762
278.8333333333472, 1499.0013478032051
278.86666666668054, 1076.5213570130002
278.9000000000139, 811.7801870320311
278.93333333334726, 755.1627028067519
278.9666666666806, 781.7018331655665
279.000000000014, 783.5788489847096
279.03333333334734, 764.4436601799897
279.0666666666807, 763.0579270453999
279.10000000001406, 792.2107733741467
279.1333333333474, 814.3776916368862
279.1666666666808, 790.5351446643285
279.20000000001414, 750.1485437583532
279.2333333333475, 777.945251774028
279.26666666668086, 935.6949079165132
279.3000000000142, 1157.748262747895
279.3333333333476, 1337.6041149354267
279.36666666668094, 1417.809536851603
279.4000000000143, 1437.5745517929859
279.43333333334766, 1445.437857398435
279.466666666681, 1457.5470454577378
279.5000000000144, 1463.534500735406
279.53333333334774, 1454.6946041199312
279.5666666666811, 1435.1868225454944
279.60000000001446, 1413.4210779468153
279.6333333333478, 1401.651782592217
279.6666666666812, 1419.7836032196064
279.70000000001454, 1489.0929206630155
279.7333333333479, 1638.614477254354
279.76666666668126, 1903.785844642915
279.8000000000146, 2296.385045750564
279.833333333348, 2701.649746389006
279.86666666668134, 2964.412556631973
279.9000000000147, 3117.95999905516
279.93333333334806, 3572.443019304954
279.9666666666814, 4745.2790251577635
280.0000000000148, 6426.1999431062295
280.03333333334814, 7885.962588531245
280.0666666666815, 8506.944230429115
280.10000000001486, 8346.2397096999
280.1333333333482, 7683.518116865049
280.1666666666816, 6763.255921683739
280.20000000001494, 5759.456518731792
280.2333333333483, 4833.636854265921
280.26666666668166, 4078.8966534935084
280.300000000015, 3532.0185316868688
280.3333333333484, 3208.637873093115
280.36666666668174, 3021.8993204610083
280.4000000000151, 2851.725784974194
280.43333333334846, 2627.15395260271
280.4666666666818, 2374.3340561379637
280.5000000000152, 2130.8418579993163
280.53333333334854, 1934.7159344091342
280.5666666666819, 1824.3717521023143
280.60000000001526, 1819.6829208441263
280.6333333333486, 1844.3097593170653
280.666666666682, 1791.3555005322946
280.70000000001534, 1619.242049860999
280.7333333333487, 1413.517502091595
280.76666666668206, 1269.3141409158095
280.8000000000154, 1201.4724851264943
280.8333333333488, 1160.55391037128
280.86666666668214, 1105.112770987944
280.9000000000155, 1043.3890296588895
280.93333333334886, 999.2304941744378
280.9666666666822, 984.4205183856269
281.0000000000156, 987.7722112046054
281.03333333334893, 995.0142447070638
281.0666666666823, 984.0583499590917
281.10000000001565, 926.7030178384867
281.133333333349, 816.279486849906
281.1666666666824, 752.9736336325091
281.20000000001573, 868.631591721347
281.2333333333491, 1174.726306934047
281.26666666668245, 1460.1357772333204
281.3000000000158, 1504.632666044156
281.3333333333492, 1307.3649857827945
281.36666666668253, 1034.0090002807926
281.4000000000159, 827.8380525613461
281.43333333334925, 706.0491631109246
281.4666666666826, 648.4967869929944
281.500000000016, 638.4302211940502
281.53333333334933, 665.1695410146889
281.5666666666827, 717.8567961271352
281.60000000001605, 774.4338345295229
281.6333333333494, 804.6427705971694
281.6666666666828, 785.6352588434097
281.70000000001613, 729.0904143752601
281.7333333333495, 656.4733190946066
281.76666666668285, 587.8631097739113
281.8000000000162, 540.9643560455002
281.8333333333496, 531.1832252543101
281.86666666668293, 546.95196504042
281.9000000000163, 557.7806726657592
281.93333333334965, 540.5328230148167
281.966666666683, 505.51961251155984
282.00000000001637, 471.9344038177688
282.03333333334973, 448.8883994021235
282.0666666666831, 429.0332384054438
282.10000000001645, 405.0548636968609
282.1333333333498, 388.55460864562826
282.16666666668317, 403.7646726353196
282.20000000001653, 465.3804336640285
282.2333333333499, 548.2959195640067
282.26666666668325, 617.4408659870921
282.3000000000166, 648.0289623791919
282.33333333334997, 631.1796541186377
282.36666666668333, 563.6834597147699
282.4000000000167, 490.95943341628737
282.43333333335005, 489.1299133192917
282.4666666666834, 600.1984587406366
282.50000000001677, 734.0910949174311
282.53333333335013, 770.9195583551377
282.5666666666835, 677.2541265184404
282.60000000001685, 545.5796212092417
282.6333333333502, 470.8822790243568
282.66666666668357, 470.88042568101486
282.7000000000169, 517.4793251010115
282.7333333333503, 583.6723878365349
282.76666666668365, 648.4504543848723
282.800000000017, 692.2028162366473
282.83333333335037, 698.2728484550619
282.8666666666837, 654.0304261826985
282.9000000000171, 552.5665952031518
282.93333333335045, 438.59458304730344
282.9666666666838, 385.3657275958919
283.00000000001717, 458.4216668918326
283.0333333333505, 697.0286949874096
283.0666666666839, 1131.4634727408352
283.10000000001725, 1658.9735644860598
283.1333333333506, 2008.125997307025
283.16666666668397, 1936.283943799182
283.2000000000173, 1543.4862210014396
283.2333333333507, 1105.08866000742
283.26666666668405, 819.0050158312132
283.3000000000174, 645.7247988958283
283.33333333335077, 503.6731721722571
283.3666666666841, 387.3349613591439
283.4000000000175, 380.37353911690593
283.43333333335084, 553.4276434618595
283.4666666666842, 835.7183126029415
283.50000000001756, 1090.0294327681559
283.5333333333509, 1211.9592940189136
283.5666666666843, 1188.3019790609983
283.60000000001764, 1023.5072666864672
283.633333333351, 778.4187698057214
283.66666666668436, 574.6483657256229
283.7000000000177, 515.8913829727982
283.7333333333511, 558.8828148779087
283.76666666668444, 597.5197719398741
283.8000000000178, 573.64283388974
283.83333333335116, 549.1546695055608
283.8666666666845, 603.5947153255023
283.9000000000179, 799.692965671388
283.93333333335124, 1183.635404819346
283.9666666666846, 1760.9379935621657
284.00000000001796, 2286.1165358315056
284.0333333333513, 2417.3874669711677
284.0666666666847, 2010.982240317129
284.10000000001804, 1368.7953201347348
284.1333333333514, 842.2632882321197
284.16666666668476, 569.2070392331987
284.2000000000181, 496.64408033437866
284.2333333333515, 565.3581690275257
284.26666666668484, 718.7797400373465
284.3000000000182, 901.2405012463913
284.33333333335156, 1054.6859122026158
284.3666666666849, 1116.2438631615378
284.4000000000183, 1029.2927088853028
284.43333333335164, 846.6781454973978
284.466666666685, 709.3931735377424
284.50000000001836, 722.9370780023088
284.5333333333517, 805.1641915379785
284.5666666666851, 817.0625965209249
284.60000000001844, 709.2591280078649
284.6333333333518, 593.9893818332611
284.66666666668516, 591.8432867806617
284.7000000000185, 706.9118731997941
284.7333333333519, 859.3085277772033
284.76666666668524, 979.4613501961456
284.8000000000186, 1050.6168552680874
284.83333333335196, 1070.3517227981563
284.8666666666853, 1036.5126328553226
284.9000000000187, 947.3784190311267
284.93333333335204, 804.1623478202575
284.9666666666854, 641.4069231010709
285.00000000001876, 515.0008489513268
285.0333333333521, 468.63902072112717
285.0666666666855, 498.49710395491456
285.10000000001884, 589.0282538515692
285.1333333333522, 702.2486163369258
285.16666666668556, 768.3820680429949
285.2000000000189, 724.8378849531887
285.2333333333523, 602.6631382929068
285.26666666668564, 485.7526496479245
285.300000000019, 430.9765610235962
285.33333333335236, 404.4480225874746
285.3666666666857, 355.4450904224406
285.4000000000191, 296.37456299698744
285.43333333335244, 318.34766349927537
285.4666666666858, 499.1764285765709
285.50000000001916, 765.9712765763861
285.5333333333525, 971.5922746449056
285.5666666666859, 1021.2791576139989
285.60000000001924, 970.2785999850049
285.6333333333526, 900.218326036493
285.66666666668596, 892.0654849283919
285.7000000000193, 1026.066578917575
285.7333333333527, 1351.0427131633164
285.76666666668604, 1696.4543446072446
285.8000000000194, 1798.583662265514
285.83333333335275, 1527.6919393729752
285.8666666666861, 1081.4450607592346
285.9000000000195, 699.5085969414566
285.93333333335283, 476.08174581579885
285.9666666666862, 367.33011958253735
286.00000000001955, 326.3738899106298
286.0333333333529, 320.5161132064799
286.0666666666863, 322.3096673089048
286.10000000001963, 315.2379635783799
286.133333333353, 305.5915007672467
286.16666666668635, 302.13607196491637
286.2000000000197, 307.3402241668696
286.2333333333531, 318.50964729438425
286.26666666668643, 332.73117492193944
286.3000000000198, 346.7618770877872
286.33333333335315, 357.27290193279873
286.3666666666865, 362.39435326534084
286.4000000000199, 362.85769322007366
286.43333333335323, 359.63042636984875
286.4666666666866, 353.250457012373
286.50000000001995, 343.9536713633274
286.5333333333533, 332.82184050949996
286.5666666666867, 324.4734272712677
286.60000000002003, 324.3314898977776
286.6333333333534, 331.42547208101473
286.66666666668675, 335.08355932303175
286.7000000000201, 326.2179082699964
286.73333333335347, 320.88096957443554
286.76666666668683, 350.14823908453985
286.8000000000202, 429.10758157220175
286.83333333335355, 516.9790540062044
286.8666666666869, 561.9307514621843
286.90000000002027, 549.7894269668634
286.93333333335363, 514.8181881264012
286.966666666687, 490.89620835152476
287.00000000002035, 481.66987942740496
287.0333333333537, 475.58527655981686
287.06666666668707, 468.0672430610358
287.10000000002043, 474.808383695323
287.1333333333538, 515.237439396433
287.16666666668715, 612.5307430838834
287.2000000000205, 793.9311747976033
287.23333333335387, 1068.2160283032692
287.26666666668723, 1316.4287592929159
287.3000000000206, 1366.5151602924686
287.33333333335395, 1150.6686955371038
287.3666666666873, 847.5634977258643
287.40000000002067, 662.9468499398401
287.433333333354, 637.1254888126955
287.4666666666874, 659.8330827079415
287.50000000002075, 635.1153099120465
287.5333333333541, 576.6365393025695
287.56666666668747, 535.5333348502202
287.6000000000208, 533.0222515742691
287.6333333333542, 531.9900307082846
287.66666666668755, 491.6909920318809
287.7000000000209, 416.55689173771964
287.73333333335427, 345.25822480144063
287.7666666666876, 308.40593545914464
287.800000000021, 296.7964666199936
287.83333333335435, 290.39685381865877
287.8666666666877, 288.1335551771372
287.90000000002107, 319.34459972184874
287.9333333333544, 411.96677888244875
287.9666666666878, 547.7699093438434
288.00000000002115, 679.6477717368059
288.0333333333545, 764.4409745519272
288.06666666668787, 774.7395901094911
288.1000000000212, 687.7842811046992
288.1333333333546, 525.7690986977577
288.16666666668795, 370.13552786363925
288.2000000000213, 300.15117238707927
288.23333333335466, 341.48938676084947
288.266666666688, 492.4249032872052
288.3000000000214, 718.9322730620222
288.33333333335474, 894.9042442599758
288.3666666666881, 883.123841571809
288.40000000002146, 686.9050833081585
288.4333333333548, 461.1641574996159
288.4666666666882, 346.40632046628866
288.50000000002154, 335.89410501837904
288.5333333333549, 362.38289112567145
288.56666666668826, 377.66311002949226
288.6000000000216, 377.64253691018274
288.633333333355, 364.6906797650081
288.66666666668834, 346.64029931612663
288.7000000000217, 336.12076934646774
288.73333333335506, 342.3666379220317
288.7666666666884, 355.94863478051025
288.8000000000218, 361.43552606304956
288.83333333335514, 353.0658521311853
288.8666666666885, 342.8403849149388
288.90000000002186, 343.4114763478484
288.9333333333552, 350.8185404890612
288.9666666666886, 349.324238865958
289.00000000002194, 328.0997590444718
289.0333333333553, 297.4351361642863
289.06666666668866, 272.89436919307605
289.100000000022, 263.2693619298721
289.1333333333554, 267.4052840187196
289.16666666668874, 282.3825996085317
289.2000000000221, 295.7765613162915
289.23333333335546, 289.78439718935675
289.2666666666888, 260.50546328230456
289.3000000000222, 248.4394252448154
289.33333333335554, 301.54008180478235
289.3666666666889, 425.59592888762813
289.40000000002226, 576.9561214603244
289.4333333333556, 709.115202448064
289.466666666689, 775.2938119714315
289.50000000002234, 728.7151907670352
289.5333333333557, 566.6652848192288
289.56666666668906, 395.2299838111792
289.6000000000224, 331.578811348787
289.6333333333558, 382.8654294505275
289.66666666668914, 453.72785580266617
289.7000000000225, 461.58040328426995
289.73333333335586, 416.8196801192124
289.7666666666892, 361.91946857069274
289.8000000000226, 325.778760357914
289.83333333335594, 311.1441063993205
289.8666666666893, 317.0022726548496
289.90000000002266, 331.2654074882699
289.933333333356, 333.70570284277693
289.9666666666894, 310.48213812967685
290.00000000002274, 275.547105026579
290.0333333333561, 250.0295593094963
290.06666666668946, 245.94426474546418
290.1000000000228, 261.6452756276081
290.1333333333562, 293.25015964302486
290.16666666668954, 325.78708140296783
290.2000000000229, 337.9286368523787
290.23333333335626, 317.3286016993115
290.2666666666896, 280.5694447046271
290.300000000023, 249.5927433420267
290.33333333335634, 233.81176917925077
290.3666666666897, 228.00772281544067
290.40000000002306, 226.85046789876722
290.4333333333564, 230.2099860063948
290.4666666666898, 240.2379452563597
290.50000000002314, 255.9058940145612
290.5333333333565, 268.4763366473713
290.56666666668985, 268.72487629033384
290.6000000000232, 260.116940500196
290.6333333333566, 257.6191909615279
290.66666666668993, 272.38709763779997
290.7000000000233, 292.9855698375165
290.73333333335665, 300.57616553021603
290.76666666669, 287.476620076841
290.8000000000234, 266.49994927646895
290.83333333335673, 251.8691940440336
290.8666666666901, 247.59955831427666
290.90000000002345, 250.58539464931886
290.9333333333568, 256.93010707663
290.9666666666902, 260.1880333330837
291.00000000002353, 253.5309504848463
291.0333333333569, 241.52113310224644
291.06666666669025, 244.6615721018351
291.1000000000236, 280.8009340719648
291.133333333357, 333.13156940218886
291.16666666669033, 366.4879947499312
291.2000000000237, 358.16008084922663
291.23333333335705, 322.15017560749186
291.2666666666904, 278.81197253346454
291.3000000000238, 241.11139221765637
291.33333333335713, 214.13996105481073
291.3666666666905, 201.4515248658586
291.40000000002385, 199.1768862202922
291.4333333333572, 200.52238321055071
291.46666666669057, 200.9916450053687
291.50000000002393, 201.04945358186654
291.5333333333573, 201.81228083355904
291.56666666669065, 204.51809761838845
291.600000000024, 210.50297771912815
291.63333333335737, 224.0064945092946
291.66666666669073, 262.7050790274052
291.7000000000241, 347.6539063055385
291.73333333335745, 466.39089266795264
291.7666666666908, 552.7216133200789
291.80000000002417, 543.1008187983904
291.83333333335753, 453.8555122013143
291.8666666666909, 349.6365968101071
291.90000000002425, 280.7608862170081
291.9333333333576, 247.4858373960421
291.96666666669097, 239.6767019570865
292.00000000002433, 248.2733025985843
292.0333333333577, 265.50161532505695
292.06666666669105, 283.9441748853449
292.1000000000244, 298.2462849947657
292.13333333335777, 303.9978965117428
292.1666666666911, 304.5081287392027
292.2000000000245, 321.6665821022207
292.23333333335785, 378.1667147241104
292.2666666666912, 460.191878140032
292.30000000002457, 521.389722150852
292.3333333333579, 523.4818924582829
292.3666666666913, 475.6936359811041
292.40000000002465, 402.55678491717066
292.433333333358, 331.9965076368062
292.46666666669137, 297.87467689378616
292.5000000000247, 333.60588917639774
292.5333333333581, 460.1069911545976
292.56666666669145, 690.0776405128267
292.6000000000248, 998.4456150796001
292.63333333335817, 1223.3901021570728
292.6666666666915, 1177.0468662725527
292.7000000000249, 861.146739675209
292.73333333335825, 520.7099145429404
292.7666666666916, 385.11464444750965
292.80000000002497, 432.6128241876534
292.8333333333583, 521.733512328702
292.8666666666917, 550.5364334529778
292.90000000002505, 520.3643510384234
292.9333333333584, 449.2389071521108
292.96666666669176, 362.4312979470378
293.0000000000251, 292.01664109503355
293.0333333333585, 262.6403041432141
293.06666666669184, 257.0952744426335
293.1000000000252, 244.29163045112338
293.13333333335856, 220.72584875236728
293.1666666666919, 233.34287371694683
293.2000000000253, 327.6075112375343
293.23333333335864, 463.10459780777376
293.266666666692, 540.9523210968133
293.30000000002536, 494.5736151369536
293.3333333333587, 382.900691918208
293.3666666666921, 292.93995794373075
293.40000000002544, 256.82966169384775
293.4333333333588, 234.6766175472441
293.46666666669216, 190.61136870157134
293.5000000000255, 161.10785732623785
293.5333333333589, 217.69685960371007
293.56666666669224, 394.1991434759174
293.6000000000256, 625.9434005351286
293.63333333335896, 833.0516745622609
293.6666666666923, 947.4203018500456
293.7000000000257, 912.0527504029095
293.73333333335904, 701.9610735464842
293.7666666666924, 463.78956198130646
293.80000000002576, 400.74489044863816
293.8333333333591, 574.5076636475129
293.8666666666925, 789.7346015089615
293.90000000002584, 840.1553426142086
293.9333333333592, 719.3346814229725
293.96666666669256, 555.1737329145612
294.0000000000259, 449.3693439921286
294.0333333333593, 398.0929204642271
294.06666666669264, 373.5712933406987
294.100000000026, 359.4625049475822
294.13333333335936, 354.0711336268729
294.1666666666927, 353.6475562193008
294.2000000000261, 330.89133706144656
294.23333333335944, 247.60369297056255
294.2666666666928, 133.48974568050332
294.30000000002616, 187.8932945806555
294.3333333333595, 618.4260216673979
294.3666666666929, 1289.2956068313758
294.40000000002624, 1753.9919095350515
294.4333333333596, 1660.6310940421617
294.46666666669296, 1201.5593825078072
294.5000000000263, 741.5859034763511
294.5333333333597, 485.3273495883171
294.56666666669304, 362.12755573571275
294.6000000000264, 289.5894853765109
294.63333333335976, 359.4790746829782
294.6666666666931, 773.7418845908255
294.7000000000265, 1593.398202379349
294.73333333335984, 2392.528536568517
294.7666666666932, 2654.9800595861025
294.80000000002656, 2303.3891754303904
294.8333333333599, 1783.8853051152535
294.8666666666933, 1508.514880467775
294.90000000002664, 1428.905189592914
294.93333333336, 1297.7227306393634
294.96666666669336, 985.4600847452967
295.0000000000267, 633.2691759027566
295.0333333333601, 411.2922270148175
295.06666666669344, 346.09504977130655
295.1000000000268, 345.36924856852454
295.13333333336016, 328.69370234626666
295.1666666666935, 286.95425379133053
295.2000000000269, 232.4338048707054
295.23333333336024, 229.16537391983476
295.2666666666936, 421.3425676597429
295.30000000002696, 925.5392245636226
295.3333333333603, 1519.7144387873634
295.3666666666937, 1789.9345651957885
295.40000000002703, 1498.0653404328934
295.4333333333604, 941.1178193286112
295.46666666669375, 506.4925678066274
295.5000000000271, 331.4124431790086
295.5333333333605, 287.88125700292204
295.56666666669383, 256.8595726418316
295.6000000000272, 252.45938562335087
295.63333333336055, 338.70587441690145
295.6666666666939, 516.3587234854759
295.7000000000273, 660.2936817542937
295.73333333336063, 641.8341137860216
295.766666666694, 486.3568306438298
295.80000000002735, 330.4918029914974
295.8333333333607, 284.11964040603016
295.8666666666941, 342.67291711522836
295.90000000002743, 473.07760707174896
295.9333333333608, 622.132831603149
295.96666666669415, 709.7964857945923
296.0000000000275, 667.4346440978959
296.0333333333609, 533.3639171931679
296.06666666669423, 397.45678473023753
296.1000000000276, 319.9852303894279
296.13333333336095, 285.7844242276633
296.1666666666943, 268.6205978422941
296.20000000002767, 254.28704211536729
296.23333333336103, 239.38757033802992
296.2666666666944, 226.26156090275714
296.30000000002775, 244.06891056978696
296.3333333333611, 330.0513200043107
296.36666666669447, 499.6490416661366
296.40000000002783, 732.2756055283419
296.4333333333612, 997.754425238019
296.46666666669455, 1200.437273612404
296.5000000000279, 1205.4860727973326
296.53333333336127, 978.4070091195687
296.56666666669463, 803.2809931662517
296.600000000028, 1012.6063801786905
296.63333333336135, 1547.5316531502508
296.6666666666947, 1919.9381645047708
296.70000000002807, 1715.4439104944508
296.73333333336143, 1122.985413732876
296.7666666666948, 564.9553905272504
296.80000000002815, 307.288145087966
296.8333333333615, 299.07295292371583
296.86666666669487, 452.6266474514716
296.90000000002823, 698.9025013491881
296.9333333333616, 982.3851786736572
296.96666666669495, 1239.5563320986016
297.0000000000283, 1374.5175126290187
297.03333333336167, 1286.0488556820428
297.066666666695, 975.5206817702912
297.1000000000284, 579.215073056587
297.13333333336175, 244.90568112495325
297.1666666666951, 138.42426458883693
297.20000000002847, 433.5484427271162
297.2333333333618, 1123.8302103436774
297.2666666666952, 1764.6263671615563
297.30000000002855, 1872.6055000556914
297.3333333333619, 1438.8237430482427
297.36666666669527, 862.8944900497196
297.4000000000286, 487.28424113825145
297.433333333362, 321.843588771829
297.46666666669535, 278.73812959366575
297.5000000000287, 289.01143367070796
297.53333333336207, 312.9989452709213
297.5666666666954, 316.9312406690494
297.6000000000288, 299.36133126302127
297.63333333336215, 276.8199894458819
297.6666666666955, 260.2183841624279
297.70000000002887, 243.70838412790593
297.7333333333622, 219.38440426233976
297.7666666666956, 201.13473214068216
297.80000000002894, 224.67921174137808
297.8333333333623, 313.66346041459667
297.86666666669566, 418.78010977151723
297.900000000029, 465.85378849859495
297.9333333333624, 428.48264716490445
297.96666666669574, 366.22005410835646
298.0000000000291, 344.0903331821382
298.03333333336246, 386.5364734374961
298.0666666666958, 491.91140623038643
298.1000000000292, 639.0749948598933
298.13333333336254, 742.8044646814269
298.1666666666959, 708.8179991361897
298.20000000002926, 573.185858724936
298.2333333333626, 521.0631721602377
298.266666666696, 715.3452170247381
298.30000000002934, 1120.427685912232
298.3333333333627, 1621.4678388835396
298.36666666669606, 2160.046612945521
298.4000000000294, 2793.899162455073
298.4333333333628, 3572.8211703343254
298.46666666669614, 4241.362626868382
298.5000000000295, 4322.054808696554
298.53333333336286, 3527.7120535946
298.5666666666962, 2322.286475959076
298.6000000000296, 1340.6293373950216
298.63333333336294, 852.6144289458637
298.6666666666963, 660.0807394106293
298.70000000002966, 553.3906067571
298.733333333363, 466.15329551086444
298.7666666666964, 396.71603633838686
298.80000000002974, 343.385977903971
298.8333333333631, 303.6495095417668
298.86666666669646, 275.2710416112434
298.9000000000298, 262.33074099753844
298.9333333333632, 274.004295647605
298.96666666669654, 312.93015015743146
299.0000000000299, 352.943862924935
299.03333333336326, 360.70550076315277
299.0666666666966, 330.4222097209862
299.10000000003, 295.20023130312074
299.13333333336334, 285.3634018565452
299.1666666666967, 283.3764766618382
299.20000000003006, 247.95414409717696
299.2333333333634, 176.5207054774909
299.2666666666968, 164.82726191206984
299.30000000003014, 317.3108201772887
299.3333333333635, 616.6785816227439
299.36666666669686, 938.7721535618854
299.4000000000302, 1166.4328966583337
299.4333333333636, 1232.771243331172
299.46666666669694, 1087.258053294649
299.5000000000303, 766.6886666045255
299.53333333336366, 441.18140281079496
299.566666666697, 274.1106995093352
299.6000000000304, 263.7065024590065
299.63333333336374, 319.373282274437
299.6666666666971, 364.94673483884395
299.70000000003046, 365.98419458579315
299.7333333333638, 298.6336997374464
299.7666666666972, 211.69202427407538
299.80000000003054, 222.05627264765872
299.8333333333639, 411.49042796590965
299.86666666669726, 669.9327311807288
299.9000000000306, 828.5519982190792
299.933333333364, 853.7825109216674
299.96666666669734, 931.2838823612341
300.0000000000307, 1232.552330916711
300.03333333336406, 1591.974326821541
300.0666666666974, 1652.2046130880826
300.1000000000308, 1257.9421140334584
300.13333333336413, 843.6384591669879
300.1666666666975, 925.1401751410791
300.20000000003085, 1474.4884975154002
300.2333333333642, 1929.5182491180888
300.2666666666976, 1824.6549608087296
300.30000000003093, 1330.4039794693347
300.3333333333643, 826.6697574326496
300.36666666669765, 531.7709317369246
300.400000000031, 391.10408725444194
300.4333333333644, 327.1939409301682
300.46666666669773, 297.8565122676057
300.5000000000311, 281.7602909847529
300.53333333336445, 263.53466092525235
300.5666666666978, 244.83515061689494
300.6000000000312, 231.67913493879269
300.63333333336453, 257.9947564507956
300.6666666666979, 385.9108681342736
300.70000000003125, 650.0382127959285
300.7333333333646, 926.8728615469183
300.766666666698, 1040.4295785312154
300.80000000003133, 941.3941277410486
300.8333333333647, 798.91500388535
300.86666666669805, 784.1182608529912
300.9000000000314, 860.215040943664
300.93333333336477, 865.466546634101
300.96666666669813, 704.4701236993146
301.0000000000315, 488.4567460762399
301.03333333336485, 362.9125404107632
301.0666666666982, 358.35071772115907
301.10000000003157, 388.01716928053975
301.13333333336493, 374.9736073808959
301.1666666666983, 325.81791741298116
301.20000000003165, 275.7044633876544
301.233333333365, 245.49322537874738
301.26666666669837, 231.30572358221224
301.30000000003173, 226.94136529174136
301.3333333333651, 227.60782876491726
301.36666666669845, 229.3593007370625
301.4000000000318, 230.55985033261626
301.43333333336517, 236.50960480561866
301.46666666669853, 253.46379979712063
301.5000000000319, 279.5185078092712
301.53333333336525, 304.5250349158162
301.5666666666986, 320.2478245281047
301.60000000003197, 330.86605020005527
301.63333333336533, 344.8678416330812
301.6666666666987, 378.6033722919962
301.70000000003205, 461.76381643963856
301.7333333333654, 619.6940205208447
301.76666666669877, 819.8261864092891
301.8000000000321, 995.5882055047323
301.8333333333655, 1096.765797555326
301.86666666669885, 1122.453490686639
301.9000000000322, 1089.932160559393
301.93333333336557, 1221.096695988329
301.9666666666989, 1938.8741236823046
302.0000000000323, 3473.5497556781884
302.03333333336565, 4999.628506635136
302.066666666699, 5357.973443174524
302.10000000003237, 4200.159340434317
302.1333333333657, 2504.687481956969
302.1666666666991, 1286.7490713988827
302.20000000003245, 723.1602137897748
302.2333333333658, 518.0577434585941
302.26666666669917, 433.7065978832892
302.3000000000325, 409.9134968907693
302.3333333333659, 417.7854758877005
302.36666666669925, 438.2973298086065
302.4000000000326, 461.6745656166645
302.43333333336597, 491.9865603754902
302.4666666666993, 600.055331910713
302.5000000000327, 875.0186783980407
302.53333333336604, 1268.69839887724
302.5666666666994, 1520.423415503176
302.60000000003276, 1389.4399204322547
302.6333333333661, 979.5550401712187
302.6666666666995, 577.2219278322323
302.70000000003284, 373.49803786672146
302.7333333333662, 305.784703455369
302.76666666669956, 274.00103410087905
302.8000000000329, 241.1858761829377
302.8333333333663, 225.78179618507733
302.86666666669964, 244.7398898548111
302.900000000033, 299.6065683954046
302.93333333336636, 387.3733347215845
302.9666666666997, 497.1725753929098
303.0000000000331, 606.8516313361218
303.03333333336644, 693.8697180432201
303.0666666666998, 739.6558269403122
303.10000000003316, 727.6257759693721
303.1333333333665, 654.4741746652167
303.1666666666999, 548.625787932826
303.20000000003324, 442.61059238416243
303.2333333333666, 360.29616829843263
303.26666666669996, 318.5656474559394
303.3000000000333, 323.4895853306373
303.3333333333667, 337.35493514350424
303.36666666670004, 313.0885071657559
303.4000000000334, 279.7591434477963
303.43333333336676, 366.0339427221979
303.4666666667001, 680.4224276166059
303.5000000000335, 1136.0972177993056
303.53333333336684, 1560.368222738449
303.5666666667002, 1851.000948895094
303.60000000003356, 2057.94033630565
303.6333333333669, 2243.289643270727
303.6666666667003, 2365.437730308142
303.70000000003364, 2307.4424117902136
303.733333333367, 2001.0177232360404
303.76666666670036, 1561.4992800422497
303.8000000000337, 1143.7864587833158
303.8333333333671, 831.8744131008664
303.86666666670044, 626.8129970196973
303.9000000000338, 521.0305333781171
303.93333333336716, 482.21696565603
303.9666666667005, 468.5943342323282
304.0000000000339, 457.6303284778249
304.03333333336724, 463.3015373552974
304.0666666667006, 501.427492333171
304.10000000003396, 562.1502639842396
304.1333333333673, 619.1482636810307
304.1666666667007, 649.2090948173012
304.20000000003404, 639.7933000896829
304.2333333333674, 581.3786241325037
304.26666666670076, 486.5389392801271
304.3000000000341, 390.5425893423591
304.3333333333675, 324.36386851432155
304.36666666670084, 290.20650645835826
304.4000000000342, 280.5929479217934
304.43333333336756, 286.946040617917
304.4666666667009, 298.89441904590217
304.5000000000343, 305.2637887239379
304.53333333336764, 288.81732211293723
304.566666666701, 229.04764201522886
304.60000000003436, 157.96442106702617
304.6333333333677, 248.69397749851282
304.6666666667011, 680.3828176472933
304.70000000003444, 1307.5608811263735
304.7333333333678, 1697.5061175519465
304.76666666670116, 1529.4401220559057
304.8000000000345, 1033.6489589198088
304.8333333333679, 591.8571972533314
304.86666666670124, 388.75241953598976
304.9000000000346, 333.2228749218389
304.93333333336795, 322.0236488085869
304.9666666667013, 317.4525923687026
305.0000000000347, 312.4844133255285
305.03333333336803, 302.0186619139533
305.0666666667014, 284.88451789258
305.10000000003475, 260.88547899124745
305.1333333333681, 236.10745916703482
305.1666666667015, 221.33181125504086
305.20000000003483, 223.6073074322635
305.2333333333682, 235.70959892606123
305.26666666670155, 247.244136907934
305.3000000000349, 252.20500474545491
305.3333333333683, 249.73282995996414
305.36666666670163, 242.01966711204474
305.400000000035, 248.481501307163
305.43333333336835, 294.8218027387366
305.4666666667017, 371.1965045778962
305.5000000000351, 402.00710943949287
305.53333333336843, 319.73764465536703
305.5666666667018, 223.51800132450347
305.60000000003515, 315.352510849797
305.6333333333685, 691.7789297112929
305.6666666667019, 1129.6322105920635
305.70000000003523, 1357.212654884877
305.7333333333686, 1338.7255158032003
305.76666666670195, 1266.0762753634824
305.8000000000353, 1297.1755499768021
305.83333333336867, 1375.8393210948943
305.86666666670203, 1380.9522895622003
305.9000000000354, 1255.1190514391005
305.93333333336875, 1036.600535530202
305.9666666667021, 772.4672611129627
306.00000000003547, 517.6341843136153
306.03333333336883, 330.85640993450386
306.0666666667022, 251.15256698986497
306.10000000003555, 270.6878114955323
306.1333333333689, 372.2238917649358
306.16666666670227, 498.7001286761881
306.20000000003563, 562.0309014024511
306.233333333369, 504.4182916474756
306.26666666670235, 387.8449500364137
306.3000000000357, 301.46178349708447
306.33333333336907, 280.1522967449995
306.36666666670243, 293.68460040866
306.4000000000358, 311.14479809330004
306.43333333336915, 321.72876109287165
306.4666666667025, 322.54333113005265
306.50000000003587, 315.41162506949496
306.5333333333692, 310.8850255930255
306.5666666667026, 323.65930667017824
306.60000000003595, 403.2480676502789
306.6333333333693, 620.5145924875353
306.66666666670267, 975.8375378038153
306.700000000036, 1261.281919461619
306.7333333333694, 1242.7435832754452
306.76666666670275, 934.1938295290254
306.8000000000361, 583.6227210778247
306.83333333336947, 399.77625957780486
306.8666666667028, 360.77289796638536
306.9000000000362, 376.7090122625446
306.93333333336955, 388.3888560013755
306.9666666667029, 380.8218812986471
307.00000000003627, 351.45903434092224
307.0333333333696, 368.5352376329668
307.066666666703, 533.5992805458571
307.10000000003635, 921.9893881138169
307.1333333333697, 1550.3411163208284
307.16666666670307, 2409.5205425515605
307.2000000000364, 3244.9317903037795
307.2333333333698, 3623.5891408098187
307.26666666670314, 3278.3400916971614
307.3000000000365, 2540.130456630014
307.33333333336986, 1862.282962553955
307.3666666667032, 1445.420895464367
307.4000000000366, 1212.3124850473857
307.43333333336994, 1098.33386558233
307.4666666667033, 1190.9423248388703
307.50000000003666, 1627.9740447528047
307.53333333337, 2320.304016877939
307.5666666667034, 2800.821436257211
307.60000000003674, 2630.463751025114
307.6333333333701, 1967.1537153323993
307.66666666670346, 1294.368291282429
307.7000000000368, 935.9506191303349
307.7333333333702, 797.871921852788
307.76666666670354, 725.4140582145272
307.8000000000369, 653.2375949946385
307.83333333337026, 589.7920915739534
307.8666666667036, 544.6634163128758
307.900000000037, 523.0937288861262
307.93333333337034, 528.291430146584
307.9666666667037, 530.9320894591982
308.00000000003706, 461.52038080456595
308.0333333333704, 288.7727889131314
308.0666666667038, 244.09888702297255
308.10000000003714, 660.2313589418485
308.1333333333705, 1558.9570850499442
308.16666666670386, 2384.24132424042
308.2000000000372, 2575.5749520295913
308.2333333333706, 2195.38379089534
308.26666666670394, 1683.0359537276215
308.3000000000373, 1352.9716155200042
308.33333333337066, 1149.0836764338128
308.366666666704, 954.2613167724244
308.4000000000374, 737.7031589617536
308.43333333337074, 546.4966839931179
308.4666666667041, 419.5025526321781
308.50000000003746, 346.49993280887446
308.5333333333708, 303.81757305769975
308.5666666667042, 276.405329005477
308.60000000003754, 260.7297798921169
308.6333333333709, 254.0838695783879
308.66666666670426, 253.9293998263974
308.7000000000376, 257.8010567226964
308.733333333371, 263.2743187668177
308.76666666670434, 268.0053921431734
308.8000000000377, 269.92196308494243
308.83333333337106, 269.99576667044056
308.8666666667044, 271.16230664158013
308.9000000000378, 276.69853964153424
308.93333333337114, 290.8175633390614
308.9666666667045, 317.0353587337222
309.00000000003786, 340.51704556651987
309.0333333333712, 328.99862497993735
309.0666666667046, 285.2414746905482
309.10000000003794, 379.6770089055183
309.1333333333713, 828.0787043604482
309.16666666670466, 1672.0900644003802
309.200000000038, 2711.061383152516
309.2333333333714, 3711.338888908811
309.26666666670474, 4328.313039857907
309.3000000000381, 4170.030155201033
309.33333333337146, 3170.9146493882486
309.3666666667048, 1936.8882188030434
309.4000000000382, 1110.4444644271464
309.43333333337154, 780.6981455706529
309.4666666667049, 670.9253292151977
309.50000000003826, 566.1359324377922
309.5333333333716, 462.6680106052778
309.566666666705, 396.13565597443375
309.60000000003834, 369.7611728742209
309.6333333333717, 355.5894181720678
309.66666666670505, 331.7125310698685
309.7000000000384, 310.8633951232613
309.7333333333718, 315.39125825422246
309.76666666670513, 338.6313512771477
309.8000000000385, 333.44347075338584
309.83333333337185, 267.80697464361236
309.8666666667052, 242.53104048084128
309.9000000000386, 416.64776487550563
309.93333333337193, 822.2885505860895
309.9666666667053, 1232.4151193854007
310.00000000003865, 1406.6153055632612
310.033333333372, 1318.8327272463237
310.0666666667054, 1082.7571450545213
310.10000000003873, 802.9704977662901
310.1333333333721, 549.1899311991297
310.16666666670545, 381.9349149592744
310.2000000000388, 307.81075497243177
310.2333333333722, 282.7870173328822
310.26666666670553, 267.4965164254869
310.3000000000389, 252.89062476332444
310.33333333337225, 238.6796502423913
310.3666666667056, 228.37075861727135
310.400000000039, 230.5804621161402
310.43333333337233, 251.81000301642965
310.4666666667057, 281.30128582301006
310.50000000003905, 301.01776377213406
310.5333333333724, 301.3800176494146
310.56666666670577, 289.2761673275705
310.60000000003913, 273.07966200331924
310.6333333333725, 256.713652524456
310.66666666670585, 241.34930952415374
310.7000000000392, 228.06250345835016
310.73333333337257, 217.77412545052314
310.76666666670593, 211.2835485582495
310.8000000000393, 207.6441968397263
310.83333333337265, 204.36907194998645
310.866666666706, 200.08351026495978
310.90000000003937, 198.34471873540784
310.93333333337273, 203.8451072421437
310.9666666667061, 215.22559422025336
311.00000000003945, 223.56254099138565
311.0333333333728, 221.61929428846932
311.06666666670617, 215.8806669392817
311.10000000003953, 218.08982556491702
311.1333333333729, 230.72489952839135
311.16666666670625, 239.77459211604068
311.2000000000396, 231.5250578182858
311.23333333337297, 211.68697557578918
311.2666666667063, 196.90933561044395
311.3000000000397, 199.35063065238765
311.33333333337305, 219.3604356341512
311.3666666667064, 254.64715860724235
311.40000000003977, 290.6229420368335
311.4333333333731, 302.89178455997165
311.4666666667065, 277.99254525975664
311.50000000003985, 244.46662499551343
311.5333333333732, 239.5758369952957
311.56666666670657, 268.8952515626524
311.6000000000399, 302.57696511269677
311.6333333333733, 313.72203841613106
311.66666666670665, 302.03256388409227
311.70000000004, 276.3530385357441
311.73333333337337, 246.0912936938353
311.7666666667067, 221.52485268574543
311.8000000000401, 211.72865321668775
311.83333333337345, 215.21637680282427
311.8666666667068, 225.3074229445768
311.90000000004017, 237.86314503221644
311.9333333333735, 254.4575884402373
311.9666666667069, 276.7123442322094
312.00000000004025, 297.00919065178107
312.0333333333736, 301.3252030920164
312.06666666670696, 281.919809045582
312.1000000000403, 251.43978055751
312.1333333333737, 226.14051722800465
312.16666666670704, 212.9290578643262
312.2000000000404, 209.71253907263775
312.23333333337376, 213.51522197108764
312.2666666667071, 218.9725494045838
312.3000000000405, 220.13415944082087
312.33333333337384, 215.26560318527942
312.3666666667072, 208.24415655338674
312.40000000004056, 204.60266743133775
312.4333333333739, 218.40232389011533
312.4666666667073, 267.00533238130504
312.50000000004064, 345.57458108173006
312.533333333374, 408.2262155921454
312.56666666670736, 410.08948027979187
312.6000000000407, 361.1488337367398
312.6333333333741, 303.09359097267225
312.66666666670744, 265.3378676760247
312.7000000000408, 244.4380649502569
312.73333333337416, 232.040755604848
312.7666666667075, 225.33541755277244
312.8000000000409, 225.9330386626838
312.83333333337424, 233.63661346924118
312.8666666667076, 241.11478275852554
312.90000000004096, 239.72228522205847
312.9333333333743, 229.82105252487017
312.9666666667077, 221.59446295954686
313.00000000004104, 223.59682494228093
313.0333333333744, 233.14419898073848
313.06666666670776, 243.90575776905678
313.1000000000411, 252.42851328807168
313.1333333333745, 259.54778432273986
313.16666666670784, 266.13168746752007
313.2000000000412, 270.63155098036793
313.23333333337456, 270.3937376657918
313.2666666667079, 264.240453273576
313.3000000000413, 254.02505676224467
313.33333333337464, 242.52097587740633
313.366666666708, 238.74371172364636
313.40000000004136, 255.65833414707623
313.4333333333747, 297.44832488267593
313.4666666667081, 343.1532067863157
313.50000000004144, 368.31196203436986
313.5333333333748, 365.15016336326863
313.56666666670816, 340.2502885099802
313.6000000000415, 301.4073836179322
313.6333333333749, 259.39063300099747
313.66666666670824, 225.48760917513238
313.7000000000416, 204.1402934654954
313.73333333337496, 191.85395046274144
313.7666666667083, 185.14399656464758
313.8000000000417, 183.08511987340552
313.83333333337504, 185.64799806773146
313.8666666667084, 192.83934314635496
313.90000000004176, 204.72068908321833
313.9333333333751, 220.7158857990385
313.9666666667085, 235.08778669126204
314.00000000004184, 239.6446722211899
314.0333333333752, 231.37263883866623
314.06666666670856, 218.26216376873495
314.1000000000419, 209.2970483479119
314.1333333333753, 208.64090532596902
314.16666666670864, 217.3154662096338
314.200000000042, 234.3037499986969
314.23333333337536, 252.82485177213943
314.2666666667087, 265.5199504452974
314.3000000000421, 273.42115708828265
314.33333333337544, 284.8668455385548
314.3666666667088, 304.89742891525657
314.40000000004216, 324.31913509419576
314.4333333333755, 330.6415983862396
314.4666666667089, 319.8307161471414
314.50000000004223, 297.63503535544487
314.5333333333756, 270.25585811268655
314.56666666670895, 243.3776243513139
314.6000000000423, 222.47102711765402
314.6333333333757, 210.96845004243724
314.66666666670903, 209.17043612408574
314.7000000000424, 216.54002474240144
314.73333333337575, 228.08321772035887
314.7666666667091, 236.7299008392785
314.8000000000425, 237.9819071319075
314.83333333337583, 232.64175644243392
314.8666666667092, 222.37063262268472
314.90000000004255, 211.15964691722206
314.9333333333759, 204.45990870221874
314.9666666667093, 207.32394573817854
315.00000000004263, 223.64081197750176
315.033333333376, 256.35534257840624
315.06666666670935, 295.970617021161
315.1000000000427, 322.70329081554115
315.1333333333761, 321.13191798208504
315.16666666670943, 293.38057849516633
315.2000000000428, 246.63366687243098
315.23333333337615, 213.1842785069216
315.2666666667095, 252.52046152086797
315.30000000004287, 405.4054153867074
315.33333333337623, 609.8128558034689
315.3666666667096, 771.6745090749467
315.40000000004295, 832.8151320876977
315.4333333333763, 785.9196166832744
315.46666666670967, 636.0941895786996
315.50000000004303, 448.4641156232015
315.5333333333764, 313.3857134581232
315.56666666670975, 275.33681984266946
315.6000000000431, 293.3866496452485
315.63333333337647, 320.2568949953664
315.66666666670983, 337.40487441645604
315.7000000000432, 342.51844452368897
315.73333333337655, 335.12353413066637
315.7666666667099, 318.80505807376454
315.80000000004327, 297.76170221509824
315.83333333337663, 276.2316260341172
315.86666666671, 258.4821641148824
315.90000000004335, 249.2540436843402
315.9333333333767, 254.83186769359952
315.96666666671007, 281.0648550169749
316.0000000000434, 318.0025274802037
316.0333333333768, 340.66139097770025
316.06666666671015, 331.49386561049175
316.1000000000435, 308.0530533589459
316.13333333337687, 296.98479584821985
316.1666666667102, 308.091342953251
316.2000000000436, 330.5398062417303
316.23333333337695, 352.31773182073823
316.2666666667103, 361.88654857635044
316.30000000004367, 348.06469923531955
316.333333333377, 311.3255042240921
316.3666666667104, 270.5265840143701
316.40000000004375, 244.06490936427195
316.4333333333771, 233.90853640039896
316.46666666671047, 234.2362874979847
316.5000000000438, 240.45578389164646
316.5333333333772, 250.57551018912454
316.56666666671055, 263.52688252607373
316.6000000000439, 284.8224062095586
316.63333333337727, 324.00095981567
316.6666666667106, 386.25509255142134
316.700000000044, 465.101417754251
316.73333333337735, 550.7237608794325
316.7666666667107, 611.4780752632176
316.80000000004407, 598.617354835291
316.8333333333774, 488.33621108683593
316.8666666667108, 344.98450581064765
316.90000000004414, 249.45689434677948
316.9333333333775, 224.1155488495414
316.96666666671086, 233.08324989853304
317.0000000000442, 243.89417736771375
317.0333333333776, 251.05191349350133
317.06666666671094, 256.659136865516
317.1000000000443, 260.06886146084827
317.13333333337766, 257.17095948858287
317.166666666711, 245.05672984387695
317.2000000000444, 229.32346066766806
317.23333333337774, 218.63440507837308
317.2666666667111, 216.31213379752202
317.30000000004446, 217.16035824935423
317.3333333333778, 216.27291476731608
317.3666666667112, 217.0561520124558
317.40000000004454, 226.83909987683396
317.4333333333779, 249.03795086335037
317.46666666671126, 279.10739514295767
317.5000000000446, 310.7309268404576
317.533333333378, 328.98109178567506
317.56666666671134, 313.7877233413514
317.6000000000447, 267.21775956706966
317.63333333337806, 248.6156364273554
317.6666666667114, 320.0271178442181
317.7000000000448, 449.902760232116
317.73333333337814, 535.8019888580286
317.7666666667115, 511.70756927749994
317.80000000004486, 437.87921369684796
317.8333333333782, 398.19547892481523
317.8666666667116, 425.4748343576559
317.90000000004494, 504.26107843029774
317.9333333333783, 609.7045782969541
317.96666666671166, 685.065466902878
318.000000000045, 667.202836758955
318.0333333333784, 558.0107094416691
318.06666666671174, 435.8279853759008
318.1000000000451, 369.06528480252996
318.13333333337846, 348.0318908782311
318.1666666667118, 336.9277378028753
318.2000000000452, 321.34579644511433
318.23333333337854, 318.1337353319177
318.2666666667119, 341.5574623184644
318.30000000004526, 370.29859334819116
318.3333333333786, 368.0338248901909
318.366666666712, 324.45694463593736
318.40000000004534, 276.56369950694545
318.4333333333787, 261.3902639357603
318.46666666671206, 270.6073233694127
318.5000000000454, 271.65674753307593
318.5333333333788, 257.15028419335994
318.56666666671214, 277.1393555899502
318.6000000000455, 381.86854662617657
318.63333333337886, 528.4691722305798
318.6666666667122, 612.2864800107768
318.7000000000456, 571.6368144325811
318.73333333337894, 469.59439101590453
318.7666666667123, 387.6761992086037
318.80000000004566, 350.6020305514382
318.833333333379, 336.7573187161958
318.8666666667124, 326.60806707273775
318.90000000004574, 312.8256148122723
318.9333333333791, 291.22904735847794
318.96666666671246, 267.6305210149347
319.0000000000458, 257.80342471562784
319.0333333333792, 272.0494503831777
319.06666666671254, 294.3139379545055
319.1000000000459, 301.95676375950956
319.13333333337926, 298.12238282227963
319.1666666667126, 317.26000830188013
319.200000000046, 389.66231698714046
319.23333333337933, 511.7707513436345
319.2666666667127, 667.8310119547627
319.30000000004605, 820.2179633001304
319.3333333333794, 899.0276112027304
319.3666666667128, 845.2392000405907
319.40000000004613, 694.8444867808869
319.4333333333795, 524.5365317466274
319.46666666671285, 398.07015784230464
319.5000000000462, 355.67019852667926
319.5333333333796, 427.6442654600028
319.56666666671293, 577.6909182237167
319.6000000000463, 734.5535342004331
319.63333333337965, 838.1766976832839
319.666666666713, 853.7137394425312
319.7000000000464, 755.5153810119768
319.73333333337973, 584.9218903789733
319.7666666667131, 425.9199014520281
319.80000000004645, 337.4695774454526
319.8333333333798, 309.7373437178016
319.8666666667132, 321.9341144994996
319.90000000004653, 359.6218771263226
319.9333333333799, 413.2339138433314
319.96666666671325, 469.5037609285507
320.0000000000466, 502.6347257821681
320.03333333337997, 485.87963747047706
320.06666666671333, 424.4555360969043
320.1000000000467, 352.93845713867404
320.13333333338005, 300.27345287402113
320.1666666667134, 268.41564134271135
320.20000000004677, 252.53023153574424
320.23333333338013, 247.3585569406726
320.2666666667135, 247.17762957754465
320.30000000004685, 246.92661225223307
320.3333333333802, 244.9127224983471
320.36666666671357, 240.69299645581015
320.40000000004693, 242.34337400317614
320.4333333333803, 269.0408107566824
320.46666666671365, 332.9008124223257
320.500000000047, 399.1826758811464
320.53333333338037, 416.3941149887714
320.56666666671373, 371.85403856009106
320.6000000000471, 313.0162594022235
320.63333333338045, 285.8017690690048
320.6666666667138, 286.89740450557605
320.70000000004717, 291.1658658272605
320.73333333338053, 287.24429678786026
320.7666666667139, 289.2884757543438
320.80000000004725, 311.52204369404484
320.8333333333806, 343.97997654813236
320.86666666671397, 363.96586787481493
320.9000000000473, 372.37852268755705
320.9333333333807, 421.9497598686816
320.96666666671405, 564.0313689477271
321.0000000000474, 757.6434019313086
321.03333333338077, 903.8729746535867
321.0666666667141, 945.4165196516416
321.1000000000475, 935.5190361477452
321.13333333338085, 941.4575672273132
321.1666666667142, 978.3441044252389
321.20000000004757, 1022.7767209041996
321.2333333333809, 1069.1246374361556
321.2666666667143, 1169.591203756996
321.30000000004765, 1379.7422898563177
321.333333333381, 1615.5132464157616
321.36666666671437, 1672.2825890783388
321.4000000000477, 1421.7475661066655
321.4333333333811, 1031.8001075945274
321.46666666671445, 731.9810747775163
321.5000000000478, 597.5090014243933
321.53333333338117, 548.4587335875848
321.5666666667145, 512.2206736208768
321.6000000000479, 478.1441955566883
321.63333333338124, 452.36641521448416
321.6666666667146, 434.98664454217544
321.70000000004796, 419.0585917607967
321.7333333333813, 398.85874869997826
321.7666666667147, 377.09550357837065
321.80000000004804, 359.47796016057043
321.8333333333814, 363.11504198122
321.86666666671476, 420.51550680136364
321.9000000000481, 550.4840948174462
321.9333333333815, 680.66522673651
321.96666666671484, 705.4015039018873
322.0000000000482, 603.9636892003293
322.03333333338156, 488.36149709391475
322.0666666667149, 468.5570982401631
322.1000000000483, 555.3053277739264
322.13333333338164, 715.0674166902055
322.166666666715, 887.246258982589
322.20000000004836, 962.8103199730373
322.2333333333817, 847.0114141656502
322.2666666667151, 613.0712631613223
322.30000000004844, 419.99859868484015
322.3333333333818, 353.1850243874627
322.36666666671516, 343.38709083513726
322.4000000000485, 315.30196293593673
322.4333333333819, 330.4923454329846
322.46666666671524, 530.9798682442702
322.5000000000486, 938.3987676223147
322.53333333338196, 1282.9834683303495
322.5666666667153, 1281.3933950748083
322.6000000000487, 1012.5857440968097
322.63333333338204, 800.2464957757759
322.6666666667154, 865.9118145471492
322.70000000004876, 1135.7658483837706
322.7333333333821, 1482.8926033187074
322.7666666667155, 1743.7269183607175
322.80000000004884, 1726.5419547022168
322.8333333333822, 1344.4439399529033
322.86666666671556, 846.9867268572863
322.9000000000489, 537.2109590127294
322.9333333333823, 474.3727702271274
322.96666666671564, 505.11333272022654
323.000000000049, 504.0179885499046
323.03333333338236, 474.29428358176943
323.0666666667157, 447.6534512164212
323.1000000000491, 434.0092756997392
323.13333333338244, 421.8083368764909
323.1666666667158, 406.59284420007685
323.20000000004916, 417.5900976774218
323.2333333333825, 490.89642304924234
323.2666666667159, 607.0531317433769
323.30000000004924, 685.0210250435363
323.3333333333826, 660.8679238717247
323.36666666671596, 568.4326037315641
323.4000000000493, 470.1101147546168
323.4333333333827, 398.95292989530105
323.46666666671604, 351.50462812602177
323.5000000000494, 322.33760492971095
323.53333333338276, 307.7425195205856
323.5666666667161, 304.6228041822582
323.6000000000495, 311.0624362241457
323.63333333338284, 326.78862595994315
323.6666666667162, 350.6136065087854
323.70000000004956, 374.86328655217727
323.7333333333829, 389.5152811590096
323.7666666667163, 393.94642890054524
323.80000000004964, 402.160036917345
323.833333333383, 427.045034799292
323.86666666671636, 464.56059020436186
323.9000000000497, 503.29972466737814
323.9333333333831, 529.8009379263896
323.96666666671643, 527.0928570422842
324.0000000000498, 482.0209394880497
324.03333333338315, 415.1508309592367
324.0666666667165, 363.2281971272173
324.1000000000499, 344.3372049280412
324.13333333338323, 340.37172970652847
324.1666666667166, 331.4573006084184
324.20000000004995, 319.36788509402044
324.2333333333833, 317.52429624837714
324.2666666667167, 337.04232604356986
324.30000000005003, 383.86132849191836
324.3333333333834, 459.8928566413871
324.36666666671675, 531.9088694947145
324.4000000000501, 545.8526251091231
324.4333333333835, 478.60929771752217
324.46666666671683, 381.1427083008049
324.5000000000502, 311.4019324828093
324.53333333338355, 282.58883688928364
324.5666666667169, 278.56762046743387
324.6000000000503, 295.55907386239323
324.63333333338363, 363.55876863894935
324.666666666717, 511.86685464108473
324.70000000005035, 686.2059814786942
324.7333333333837, 772.2020374871263
324.7666666667171, 703.137908180618
324.80000000005043, 554.1986213492007
324.8333333333838, 422.1352648208776
324.86666666671715, 342.1678042277893
324.9000000000505, 301.151239209858
324.93333333338387, 286.5038303223128
324.96666666671723, 291.59916967956997
325.0000000000506, 310.7930237254513
325.03333333338395, 334.86174082370223
325.0666666667173, 351.52012665758826
325.10000000005067, 352.2699511977303
325.13333333338403, 342.23134759537277
325.1666666667174, 329.29428073104674
325.20000000005075, 317.07454906281697
325.2333333333841, 305.2232374817025
325.26666666671747, 297.35085199901863
325.30000000005083, 312.8406034734444
325.3333333333842, 373.1225081276212
325.36666666671755, 459.4992412875156
325.4000000000509, 513.0457125638295
325.43333333338427, 493.0371086340061
325.46666666671763, 442.3449845388901
325.500000000051, 423.7890832584272
325.53333333338435, 448.8141308672374
325.5666666667177, 473.3833338120556
325.60000000005107, 461.8599357724249
325.6333333333844, 429.43853899740157
325.6666666667178, 405.268746673156
325.70000000005115, 402.93970255928014
325.7333333333845, 417.9943844197095
325.76666666671787, 447.32827900647055
325.8000000000512, 499.499727510919
325.8333333333846, 585.6531998134918
325.86666666671795, 681.5324931687032
325.9000000000513, 718.9319219042287
325.93333333338467, 646.2870207979919
325.966666666718, 515.3688066754607
326.0000000000514, 411.03457292885486
326.03333333338475, 368.82773106765103
326.0666666667181, 358.9224891852066
326.10000000005147, 351.47614669572823
326.1333333333848, 342.37891281639963
326.1666666667182, 336.5972098524806
326.20000000005155, 334.94512205633316
326.2333333333849, 332.36684623522615
326.26666666671827, 324.53217655122256
326.3000000000516, 314.3065615058613
326.333333333385, 307.24763166877506
326.36666666671834, 306.4238924580625
326.4000000000517, 311.17303318554156
326.43333333338506, 321.49329498918786
326.4666666667184, 343.75094935482736
326.5000000000518, 386.61713519698515
326.53333333338514, 441.4666277485975
326.5666666667185, 472.30175341381533
326.60000000005186, 448.2764799119329
326.6333333333852, 391.77172181756896
326.6666666667186, 347.6711751729096
326.70000000005194, 337.0347286315777
326.7333333333853, 341.037476498818
326.76666666671866, 339.74776682428535
326.800000000052, 333.23659507594925
326.8333333333854, 330.54868802985106
326.86666666671874, 334.044661843557
326.9000000000521, 334.28635147437683
326.93333333338546, 323.9257720542601
326.9666666667188, 321.61809830081467
327.0000000000522, 358.11366054528366
327.03333333338554, 436.8930422134678
327.0666666667189, 511.18671727322885
327.10000000005226, 534.7490443424971
327.1333333333856, 510.8156367794935
327.166666666719, 467.2244565376195
327.20000000005234, 427.0381729746774
327.2333333333857, 403.80643476843517
327.26666666671906, 408.46752224714817
327.3000000000524, 438.46291807905305
327.3333333333858, 484.20029066387605
327.36666666671914, 533.1600456608139
327.4000000000525, 567.0903574170392
327.43333333338586, 569.8878101798572
327.4666666667192, 551.5676419627248
327.5000000000526, 536.2012608934914
327.53333333338594, 540.5056145121661
327.5666666667193, 565.651482293219
327.60000000005266, 610.9543041337153
327.633333333386, 676.4820638395257
327.6666666667194, 762.680887961205
327.70000000005274, 862.3584577988698
327.7333333333861, 951.9150856555327
327.76666666671946, 1008.7093764850933
327.8000000000528, 1041.0216528684007
327.8333333333862, 1075.0492370413979
327.86666666671954, 1152.0860448696171
327.9000000000529, 1346.364141667616
327.93333333338626, 1720.5932670149684
327.9666666667196, 2171.685400659466
328.000000000053, 2499.6656172557705
328.03333333338634, 2850.5600667727517
328.0666666667197, 4160.328010250747
328.10000000005306, 7349.485890807267
328.1333333333864, 11999.240933664163
328.1666666667198, 16876.00945866375
328.20000000005314, 20634.46445946923
328.2333333333865, 21695.801432729924
328.26666666671986, 18695.240411407933
328.3000000000532, 12997.716674566915
328.3333333333866, 7659.367189638868
328.36666666671994, 4647.90672812443
328.4000000000533, 3283.388985371948
328.43333333338666, 2552.7328937519696
328.46666666672, 2027.6859661144613
328.5000000000534, 1649.664165679209
328.53333333338674, 1389.6627705104656
328.5666666667201, 1276.1041689017004
328.60000000005346, 1335.3965909071349
328.6333333333868, 1472.734206147616
328.6666666667202, 1515.850767148845
328.70000000005354, 1370.4835655231395
328.7333333333869, 1136.555209140131
328.76666666672025, 936.5396829481963
328.8000000000536, 815.343425040169
328.833333333387, 767.5846400248354
328.86666666672033, 775.8785865534329
328.9000000000537, 795.2492302803455
328.93333333338705, 780.5509317894329
328.9666666667204, 734.1388321133724
329.0000000000538, 689.3469863418755
329.03333333338713, 670.6538088610447
329.0666666667205, 679.1749126326367
329.10000000005385, 712.0330200838116
329.1333333333872, 761.3630803002493
329.1666666667206, 816.0272634624675
329.20000000005393, 863.2931591982627
329.2333333333873, 886.5922554634074
329.26666666672065, 871.2522801426708
329.300000000054, 832.1324279097963
329.3333333333874, 803.4263453628199
329.36666666672073, 808.1759772962675
329.4000000000541, 840.7956519448808
329.43333333338745, 891.3010965425443
329.4666666667208, 949.5425508766839
329.5000000000542, 1005.2804650623945
329.53333333338753, 1054.9401045108566
329.5666666667209, 1111.4803505101802
329.60000000005425, 1188.821943133737
329.6333333333876, 1282.5976310971103
329.66666666672097, 1376.591005064523
329.70000000005433, 1467.3815951214344
329.7333333333877, 1583.5173009178807
329.76666666672105, 1755.3547964309946
329.8000000000544, 1978.2689246750826
329.83333333338777, 2225.2050637350358
329.86666666672113, 2498.842640960217
329.9000000000545, 2875.03245964629
329.93333333338785, 3430.227850590187
329.9666666667212, 4123.546165718731
330.00000000005457, 4840.660385081481
330.03333333338793, 5803.655828413114
330.0666666667213, 8042.51258791547
330.10000000005465, 12523.993272329488
330.133333333388, 18191.54921629469
330.16666666672137, 22727.211068417062
330.20000000005473, 24811.906235878807
330.2333333333881, 25517.318633407704
330.26666666672145, 26096.669122278327
330.3000000000548, 26052.868878873185
330.33333333338817, 23820.145548333534
330.3666666667215, 18881.835430585215
330.4000000000549, 13165.20906358928
330.43333333338825, 8780.734685769727
330.4666666667216, 6170.99941876145
330.50000000005497, 4779.788469468933
330.5333333333883, 4099.482612302239
330.5666666667217, 3761.3717264024867
330.60000000005505, 3438.6577970039443
330.6333333333884, 3039.153931009907
330.66666666672177, 2607.501703728419
330.7000000000551, 2188.965250596839
330.7333333333885, 1826.450388073516
330.76666666672185, 1557.7388101677316
330.8000000000552, 1373.4933532394843
330.83333333338857, 1237.7860166758055
330.8666666667219, 1126.2472269045743
330.9000000000553, 1039.4335208806874
330.93333333338865, 979.6326096392422
330.966666666722, 935.8596326906151
331.00000000005537, 889.935968053063
331.0333333333887, 833.1359423898906
331.0666666667221, 776.0417804318824
331.10000000005545, 730.4141771159302
331.1333333333888, 697.6587792760234
331.16666666672216, 673.7197040224979
331.2000000000555, 653.9014805688342
331.2333333333889, 632.3580321300062
331.26666666672224, 604.407662852713
331.3000000000556, 576.4152354819108
331.33333333338896, 560.2960202489982
331.3666666667223, 564.2077959404382
331.4000000000557, 589.2142296191691
331.43333333338904, 632.6708129224878
331.4666666667224, 668.2664884586795
331.50000000005576, 658.5650485021273
331.5333333333891, 594.8162342646034
331.5666666667225, 519.5383205236479
331.60000000005584, 474.963066850649
331.6333333333892, 460.75041502249786
331.66666666672256, 457.0452385272806
331.7000000000559, 450.8453794836845
331.7333333333893, 440.95567634787886
331.76666666672264, 427.85030258892607
331.800000000056, 415.7638710333444
331.83333333338936, 410.50574078383875
331.8666666667227, 413.35319099851364
331.9000000000561, 418.2730081120899
331.93333333338944, 419.57232668941487
331.9666666667228, 418.3101983573982
332.00000000005616, 418.2778409873072
332.0333333333895, 420.1352297761702
332.0666666667229, 419.75755049778473
332.10000000005624, 413.8475867640136
332.1333333333896, 406.8543302151264
332.16666666672296, 406.17925405907886
332.2000000000563, 416.47077648914205
332.2333333333897, 438.41085058660053
332.26666666672304, 470.9150373934276
332.3000000000564, 504.3302852108672
332.33333333338976, 526.0387294310767
332.3666666667231, 529.9299024200003
332.4000000000565, 518.6939906622395
332.43333333338984, 496.366537393562
332.4666666667232, 470.92053702923664
332.50000000005656, 451.52164799374293
332.5333333333899, 442.0490941743187
332.5666666667233, 439.6832976394916
332.60000000005664, 441.2220554167717
332.63333333339, 443.7076938745892
332.66666666672336, 444.3911576720178
332.7000000000567, 444.7115117905636
332.7333333333901, 451.066311256681
332.76666666672344, 468.9547322227174
332.8000000000568, 498.34498148564705
332.83333333339016, 537.3149383696701
332.8666666667235, 576.2506055620003
332.9000000000569, 597.0544416558151
332.93333333339024, 587.2885900131214
332.9666666667236, 560.686200853102
333.00000000005696, 537.6248651627736
333.0333333333903, 529.4450212191458
333.0666666667237, 538.2312233194275
333.10000000005704, 563.7772914874685
333.1333333333904, 598.5165887336183
333.16666666672376, 633.1690239112877
333.2000000000571, 660.474199638976
333.2333333333905, 675.0863992064097
333.26666666672384, 675.8398099495789
333.3000000000572, 676.3163045310956
333.33333333339056, 692.5230856658955
333.3666666667239, 724.2852424293658
333.4000000000573, 757.2808850701219
333.43333333339064, 782.4251331457959
333.466666666724, 809.3214637440987
333.50000000005736, 850.5045660895271
333.5333333333907, 904.3936680348197
333.5666666667241, 958.0700794273511
333.60000000005743, 1004.4005528451593
333.6333333333908, 1054.381353700111
333.66666666672415, 1121.4302388565861
333.7000000000575, 1205.986229132373
333.7333333333909, 1298.9443487323542
333.76666666672423, 1393.8812400656427
333.8000000000576, 1492.178579735392
333.83333333339095, 1597.0835925303752
333.8666666667243, 1718.802610675505
333.9000000000577, 1872.2036660683016
333.93333333339103, 2069.8378282025783
333.9666666667244, 2318.417996613189
334.00000000005775, 2623.0763705897
334.0333333333911, 2981.286746958387
334.0666666667245, 3385.876275798797
334.10000000005783, 3833.3610823426447
334.1333333333912, 4328.48327231871
334.16666666672455, 4910.8266581673215
334.2000000000579, 5939.151971989263
334.2333333333913, 7945.404540726193
334.26666666672463, 11132.589725870326
334.300000000058, 15051.634106628859
334.33333333339135, 19154.025841756513
334.3666666667247, 22698.926835792303
334.40000000005807, 24857.631817822046
334.43333333339143, 25456.082107584873
334.4666666667248, 25480.647771781187
334.50000000005815, 25857.019458694016
334.5333333333915, 26200.632344869467
334.56666666672487, 25553.079532632688
334.60000000005823, 23395.310687100555
334.6333333333916, 19909.828935439466
334.66666666672495, 15438.787775047233
334.7000000000583, 10947.768615358016
334.73333333339167, 7631.655239473088
334.76666666672503, 5892.59474324235
334.8000000000584, 5006.241318468943
334.83333333339175, 4268.954537591378
334.8666666667251, 3575.091611500478
334.90000000005847, 3025.4654737088886
334.93333333339183, 2641.7315821801362
334.9666666667252, 2344.962499186485
335.00000000005855, 2066.353763248718
335.0333333333919, 1818.6824604328872
335.06666666672527, 1638.4403437982712
335.1000000000586, 1524.298015100763
335.133333333392, 1432.2575393657246
335.16666666672535, 1326.5289656679324
335.2000000000587, 1216.3427082556261
335.23333333339207, 1122.401654774115
335.2666666667254, 1051.543157813149
335.3000000000588, 996.7241414829774
335.33333333339215, 950.4275069897366
335.3666666667255, 905.6239468867278
335.40000000005887, 855.966255956476
335.4333333333922, 805.7067824741149
335.4666666667256, 768.4810686045485
335.50000000005895, 750.6334897354635
335.5333333333923, 733.8347955052496
335.56666666672567, 696.4475708107847
335.600000000059, 642.4836441673593
335.6333333333924, 595.9547047305925
335.66666666672575, 572.3876109841981
335.7000000000591, 562.0054922791816
335.73333333339247, 551.4182476549609
335.7666666667258, 537.2395421919034
335.8000000000592, 522.9237720314096
335.83333333339255, 510.22918260436956
335.8666666667259, 496.46953062509783
335.90000000005926, 478.75410841685164
335.9333333333926, 458.9926183247439
335.966666666726, 441.9458911740179
336.00000000005934, 429.74837961343667
336.0333333333927, 418.93238952275595
336.06666666672606, 405.884233189489
336.1000000000594, 391.9170495898847
336.1333333333928, 380.86877908093044
336.16666666672614, 373.8084816785373
336.2000000000595, 366.7318966032954
336.23333333339286, 356.000105835206
336.2666666667262, 344.62301924061217
336.3000000000596, 338.5052057903919
336.33333333339294, 338.79412238015624
336.3666666667263, 339.1414385989384
336.40000000005966, 333.6947772371733
336.433333333393, 323.74479264945097
336.4666666667264, 313.2802168992563
336.50000000005974, 304.81380105243056
336.5333333333931, 298.8492140182546
336.56666666672646, 296.06574615283847
336.6000000000598, 298.80550363907014
336.6333333333932, 309.7285222556493
336.66666666672654, 324.59911204741735
336.7000000000599, 331.12400834924273
336.73333333339326, 320.5671987663327
336.7666666667266, 301.80176466371324
336.80000000006, 288.2910670856566
336.83333333339334, 287.9999543537786
336.8666666667267, 303.37146170114096
336.90000000006006, 334.06403227051817
336.9333333333934, 370.38068299577105
336.9666666667268, 400.9344085109868
337.00000000006014, 422.54118193060907
337.0333333333935, 439.0704455171009
337.06666666672686, 450.1481417666253
337.1000000000602, 441.6244842309558
337.1333333333936, 398.6680082127058
337.16666666672694, 333.77136158599103
337.2000000000603, 279.44392108872614
337.23333333339366, 256.1059368412356
337.266666666727, 251.826807608661
337.3000000000604, 250.4980137230892
337.33333333339374, 246.68350578728703
337.3666666667271, 241.59051442545737
337.40000000006046, 236.9665757445138
337.4333333333938, 235.50979013093973
337.4666666667272, 239.35295896781574
337.50000000006054, 244.4959189022003
337.5333333333939, 243.77960834638586
337.56666666672726, 235.4324215527509
337.6000000000606, 227.49404768165547
337.633333333394, 227.34047801567647
337.66666666672734, 230.10933336803572
337.7000000000607, 225.7713667236962
337.73333333339406, 215.58960255058054
337.7666666667274, 218.0287933451803
337.8000000000608, 247.52206317025284
337.83333333339414, 286.4113307291409
337.8666666667275, 306.01002518980357
337.90000000006086, 301.2087885919749
337.9333333333942, 296.9852931799962
337.9666666667276, 312.67488685226624
338.00000000006094, 331.2976983708142
338.0333333333943, 325.96916968475244
338.06666666672766, 294.0417419967678
338.100000000061, 258.7553708104859
338.1333333333944, 238.59719190632057
338.16666666672774, 228.6399507441263
338.2000000000611, 218.89094876009952
338.23333333339446, 211.24756645032
338.2666666667278, 218.20940670058687
338.3000000000612, 245.70878365964862
338.33333333339453, 277.7363870212084
338.3666666667279, 294.9531531889601
338.40000000006125, 292.127590299141
338.4333333333946, 274.4923211789279
338.466666666728, 248.41375864551802
338.50000000006133, 222.53888937242058
338.5333333333947, 205.24590323813487
338.56666666672805, 198.07126383448258
338.6000000000614, 198.3568413834936
338.6333333333948, 203.18052016661616
338.66666666672813, 209.19359753301703
338.7000000000615, 213.2543202938656
338.73333333339485, 214.4246633196148
338.7666666667282, 212.8795540495868
338.8000000000616, 209.2274441680782
338.83333333339493, 204.80579257929625
338.8666666667283, 200.90242567733313
338.90000000006165, 197.99792436364658
338.933333333395, 196.2361822565533
338.9666666667284, 195.4301043188813
339.00000000006173, 194.92936762786732
339.0333333333951, 193.78887619004712
339.06666666672845, 189.6931327322312
339.1000000000618, 180.44782026870922
339.13333333339517, 180.95500776313548
339.16666666672853, 225.7582598463912
339.2000000000619, 331.066461610661
339.23333333339525, 431.95139580496595
339.2666666667286, 446.25574474103405
339.30000000006197, 373.2715519936594
339.33333333339533, 288.7180092927424
339.3666666667287, 249.78867652899848
339.40000000006205, 242.62660011195638
339.4333333333954, 239.94787614720804
339.46666666672877, 232.83270578692412
339.50000000006213, 226.375003057596
339.5333333333955, 223.6736332078186
339.56666666672885, 221.66822039483102
339.6000000000622, 216.74802438659827
339.63333333339557, 210.19594709344526
339.66666666672893, 206.2876060191189
339.7000000000623, 205.0813811286622
339.73333333339565, 197.7399525546431
339.766666666729, 177.84190556140427
339.80000000006237, 168.22160849458749
339.83333333339573, 205.6876365086677
339.8666666667291, 291.0843158229658
339.90000000006245, 365.097060201804
339.9333333333958, 373.2768655180339
339.96666666672917, 328.4025628125782
340.0000000000625, 269.27900653574756
340.0333333333959, 221.86852674623415
340.06666666672925, 194.89513903109676
340.1000000000626, 194.15364344748835
340.13333333339597, 216.94686053882035
340.1666666667293, 257.50024592045446
340.2000000000627, 297.70930786013434
340.23333333339605, 306.2781628759485
340.2666666667294, 267.0004786971125
340.30000000006277, 223.49333607028416
340.3333333333961, 230.297651240484
340.3666666667295, 284.0072028677452
340.40000000006285, 331.7022307229304
340.4333333333962, 336.422103673318
340.46666666672957, 312.81346460619477
340.5000000000629, 283.36595972451255
340.5333333333963, 250.69103884717447
340.56666666672965, 204.04476388094338
340.600000000063, 166.21733075991102
340.63333333339637, 237.18944909748052
340.6666666667297, 503.9409302081542
340.7000000000631, 837.0495549110848
340.73333333339644, 992.9262877314378
340.7666666667298, 870.5786994315288
340.80000000006316, 625.4925572444054
340.8333333333965, 421.2490384843793
340.8666666667299, 295.9505299437148
340.90000000006324, 235.3515673511228
340.9333333333966, 220.82655356787814
340.96666666672996, 227.85725581961444
341.0000000000633, 235.14397159638847
341.0333333333967, 240.15789660886364
341.06666666673004, 246.05746673661685
341.1000000000634, 247.30062987644345
341.13333333339676, 228.77128958596126
341.1666666667301, 188.51536810681378
341.2000000000635, 177.59217812189755
341.23333333339684, 254.89986220191557
341.2666666667302, 389.5426700106873
341.30000000006356, 473.22315174056325
341.3333333333969, 438.07474782955234
341.3666666667303, 342.4914318767498
341.40000000006364, 263.5746773834868
341.433333333397, 224.72463232281146
341.46666666673036, 213.24664884233212
341.5000000000637, 216.6456198973901
341.5333333333971, 224.37273975462443
341.56666666673044, 226.8042231125111
341.6000000000638, 220.12356671619116
341.63333333339716, 203.67736020265792
341.6666666667305, 188.8150298746001
341.7000000000639, 207.4331610037372
341.73333333339724, 283.9064889000789
341.7666666667306, 381.31406356600843
341.80000000006396, 439.36978996579177
341.8333333333973, 432.86562626233416
341.8666666667307, 383.03830156610934
341.90000000006404, 314.0838078503593
341.9333333333974, 249.12244750475472
341.96666666673076, 210.12582464372193
342.0000000000641, 199.3011559568968
342.0333333333975, 198.70484559968713
342.06666666673084, 194.64073463619604
342.1000000000642, 191.5590061422985
342.13333333339756, 197.7006139090182
342.1666666667309, 218.22287669136125
342.2000000000643, 255.84738166018832
342.23333333339764, 304.15484336964454
342.266666666731, 332.97377873410323
342.30000000006436, 313.5659214939827
342.3333333333977, 272.5989728953111
342.3666666667311, 269.5788547149563
342.40000000006444, 326.15046510959644
342.4333333333978, 388.7890132262009
342.46666666673116, 402.1320292769695
342.5000000000645, 362.2005301021124
342.5333333333979, 288.7370175525263
342.56666666673124, 231.49423118791285
342.6000000000646, 284.550232668538
342.63333333339796, 509.6996883074009
342.6666666667313, 776.1484996657807
342.7000000000647, 893.7571473142539
342.73333333339804, 816.1150471743083
342.7666666667314, 658.4503378063525
342.80000000006476, 521.6230628412728
342.8333333333981, 416.84251077148195
342.8666666667315, 333.9277635378271
342.90000000006484, 271.0887988099053
342.9333333333982, 233.67482795505285
342.96666666673156, 222.14237967257097
343.0000000000649, 222.39456798956155
343.0333333333983, 219.14179107282342
343.06666666673163, 212.9299513118068
343.100000000065, 214.40270005931274
343.13333333339835, 226.83182017697544
343.1666666667317, 237.74554727922123
343.2000000000651, 234.81158501800945
343.23333333339843, 222.44295056891593
343.2666666667318, 212.90866569607545
343.30000000006515, 211.5441175059733
343.3333333333985, 212.86363254057423
343.3666666667319, 211.36006827205574
343.40000000006523, 206.6159244053805
343.4333333333986, 200.02862654393888
343.46666666673195, 194.35710101969914
343.5000000000653, 193.93225934007336
343.5333333333987, 201.51646600497972
343.56666666673203, 213.2568522552008
343.6000000000654, 223.81476329099397
343.63333333339875, 230.81067140160172
343.6666666667321, 234.4163353217756
343.7000000000655, 235.03393182956358
343.73333333339883, 233.48515297885973
343.7666666667322, 231.00077559692647
343.80000000006555, 232.64814174286124
343.8333333333989, 245.8352102761616
343.86666666673227, 261.35364329381264
343.90000000006563, 235.60993174027772
343.933333333399, 152.495749209275
343.96666666673235, 241.65127173123253
344.0000000000657, 839.7337754543757
344.03333333339907, 1856.0160482905417
344.06666666673243, 2554.1651002500535
344.1000000000658, 2325.907395077648
344.13333333339915, 1539.332823885109
344.1666666667325, 874.3240828182061
344.20000000006587, 593.1736609307463
344.23333333339923, 495.0617348615179
344.2666666667326, 408.6851082468522
344.30000000006595, 364.8599268842108
344.3333333333993, 435.0769612254949
344.36666666673267, 577.2545956744611
344.40000000006603, 657.0143760983082
344.4333333333994, 598.5691635845515
344.46666666673275, 488.9081394839807
344.5000000000661, 431.4442407529656
344.53333333339947, 422.6766094252045
344.56666666673283, 396.1545991635956
344.6000000000662, 325.135157186077
344.63333333339955, 259.69986810187174
344.6666666667329, 248.84834033917363
344.70000000006627, 274.5867778703701
344.7333333333996, 291.11209620085594
344.766666666733, 279.06491672370817
344.80000000006635, 255.38217706127458
344.8333333333997, 236.54556237635725
344.86666666673307, 224.40361914321159
344.9000000000664, 216.67140274334267
344.9333333333998, 216.0076678737079
344.96666666673315, 229.96823290594017
345.0000000000665, 259.938596166131
345.03333333339987, 286.3241831659916
345.0666666667332, 287.51147730303694
345.1000000000666, 272.59907167063545
345.13333333339995, 272.57228400335543
345.1666666667333, 300.16372988915987
345.20000000006667, 325.1965443386837
345.2333333334, 316.02612555608175
345.2666666667334, 279.85449515138265
345.30000000006675, 243.51528226072713
345.3333333334001, 222.07366151055845
345.36666666673347, 211.2762452821833
345.4000000000668, 205.77159507777324
345.4333333334002, 204.02617807439555
345.46666666673354, 205.84448343908275
345.5000000000669, 210.3694307563318
345.53333333340026, 215.97735054930868
345.5666666667336, 221.3074411147408
345.600000000067, 226.18906983955654
345.63333333340034, 230.67148685872593
345.6666666667337, 233.64064685430355
345.70000000006706, 233.0261149031597
345.7333333334004, 228.71691277185622
345.7666666667338, 225.88473633438332
345.80000000006714, 229.8399810966311
345.8333333334005, 238.46794483837286
345.86666666673386, 245.38402483562263
345.9000000000672, 250.72123272100305
345.9333333334006, 266.7131441149212
345.96666666673394, 302.50389904381916
346.0000000000673, 338.2406326640194
346.03333333340066, 342.9733941420195
346.066666666734, 311.0890114669781
346.1000000000674, 269.7740336235755
346.13333333340074, 242.7758505031596
346.1666666667341, 229.1508214931146
346.20000000006746, 221.37238285626134
346.2333333334008, 215.8554811711278
346.2666666667342, 212.60859749569866
346.30000000006754, 212.1977731629965
346.3333333334009, 216.4448729868293
346.36666666673426, 226.298433141063
346.4000000000676, 230.0536803243534
346.433333333401, 208.20818587966616
346.46666666673434, 179.68279846161593
346.5000000000677, 240.69271422478838
346.53333333340106, 467.3967051358466
346.5666666667344, 724.187661508967
346.6000000000678, 786.188249118575
346.63333333340114, 602.0321075749026
346.6666666667345, 361.37648329603667
346.70000000006786, 233.24054281028435
346.7333333334012, 205.32777803824038
346.7666666667346, 213.39119386748598
346.80000000006794, 227.0078008285775
346.8333333334013, 248.38826347088514
346.86666666673466, 276.190744765616
346.900000000068, 293.8478948824717
346.9333333334014, 283.7797857825716
346.96666666673474, 252.1682248271149
347.0000000000681, 221.0343002426694
347.03333333340146, 206.31901110585926
347.0666666667348, 210.66299082187027
347.1000000000682, 233.15151680764953
347.13333333340154, 258.65703067964404
347.1666666667349, 265.90725864635914
347.20000000006826, 249.23254594467448
347.2333333334016, 225.21139933135805
347.266666666735, 209.9045972252388
347.30000000006834, 208.65078446236384
347.3333333334017, 223.19532039437783
347.36666666673506, 247.41393074249473
347.4000000000684, 267.49463637082005
347.4333333334018, 289.69623244564116
347.46666666673514, 384.43766211088206
347.5000000000685, 621.1662725218093
347.53333333340186, 903.560768700835
347.5666666667352, 1025.1124873973906
347.6000000000686, 897.0615635195446
347.63333333340194, 679.5251490175356
347.6666666667353, 540.6630545477127
347.70000000006866, 478.2018533241325
347.733333333402, 414.2765904727063
347.7666666667354, 321.55437756981877
347.80000000006874, 243.9052845747841
347.8333333334021, 218.47777287589423
347.86666666673545, 225.7674196178642
347.9000000000688, 230.74886721238116
347.9333333334022, 222.4147385581442
347.96666666673553, 212.5751988460339
348.0000000000689, 210.49593287470034
348.03333333340225, 215.0175754262838
348.0666666667356, 223.0017432904596
348.100000000069, 231.12435670056934
348.13333333340233, 235.9697637672158
348.1666666667357, 237.67399668833124
348.20000000006905, 243.39446928178856
348.2333333334024, 258.93751161154415
348.2666666667358, 274.9878528805483
348.30000000006913, 276.11297388707084
348.3333333334025, 259.092612972439
348.36666666673585, 236.81909227400791
348.4000000000692, 222.13474437866884
348.4333333334026, 222.8657919990693
348.46666666673593, 244.5640194285826
348.5000000000693, 275.9286852157124
348.53333333340265, 290.77821867045276
348.566666666736, 274.4701024730182
348.6000000000694, 245.75906528053054
348.63333333340273, 227.12389388284535
348.6666666667361, 220.33255906930358
348.70000000006945, 215.05436428587583
348.7333333334028, 208.80219476651087
348.76666666673617, 213.4657000862361
348.80000000006953, 238.05677475251971
348.8333333334029, 264.48164329145436
348.86666666673625, 265.55503020625804
348.9000000000696, 254.71211529195193
348.93333333340297, 293.6513913399193
348.96666666673633, 424.5543135437228
349.0000000000697, 603.6153369080287
349.03333333340305, 766.3321123181438
349.0666666667364, 848.2497576117681
349.10000000006977, 785.1303192757834
349.13333333340313, 570.1987745575482
349.1666666667365, 336.0518395680489
349.20000000006985, 220.21118361409717
349.2333333334032, 222.63952943311133
349.26666666673657, 272.7383550883493
349.30000000006993, 318.07522978530824
349.3333333334033, 335.5795343580305
349.36666666673665, 311.9121985171155
349.40000000007, 271.3978202658751
349.43333333340337, 249.56706099069189
349.4666666667367, 255.04647631374897
349.5000000000701, 268.84582633504385
349.53333333340345, 274.5518087703512
349.5666666667368, 268.16643279262007
349.60000000007017, 250.11972495386627
349.6333333334035, 244.39804799039132
349.6666666667369, 290.57295705799027
349.70000000007025, 396.64633793373275
349.7333333334036, 505.83498475278697
349.76666666673697, 559.6778521945142
349.8000000000703, 543.2868767055652
349.8333333334037, 461.06364241245666
349.86666666673705, 340.14322772371685
349.9000000000704, 237.31353299027157
349.93333333340377, 196.65301975995078
349.9666666667371, 199.68873849646388
350.0000000000705, 212.34027320230072
350.03333333340385, 218.18403034100797
350.0666666667372, 215.79932082759396
350.10000000007057, 206.124414987794
350.1333333334039, 194.99811459380223
350.1666666667373, 188.41705679073246
350.20000000007065, 186.4982918192264
350.233333333404, 186.16704159899436
350.26666666673736, 185.29921041119505
350.3000000000707, 183.38026622771488
350.3333333334041, 180.6094934953697
350.36666666673744, 180.26926593602695
350.4000000000708, 186.4664790972171
350.43333333340416, 197.7234311885723
350.4666666667375, 206.7010741921596
350.5000000000709, 208.95400019596096
350.53333333340424, 210.44348273136848
350.5666666667376, 218.4532495334644
350.60000000007096, 230.32335317852713
350.6333333334043, 236.74554214612309
350.6666666667377, 232.8116153415937
350.70000000007104, 222.72151300998271
350.7333333334044, 212.02177004284383
350.76666666673776, 208.00308549578455
350.8000000000711, 218.3556410667378
350.8333333334045, 238.45889879840038
350.86666666673784, 248.0682898292527
350.9000000000712, 233.4821630716904
350.93333333340456, 211.61692994268194
350.9666666667379, 205.69012616607841
351.0000000000713, 215.48414945126757
351.03333333340464, 221.90940136186904
351.066666666738, 214.3326348055248
351.10000000007136, 203.99447461195368
351.1333333334047, 203.16124927899193
351.1666666667381, 205.0892969281089
351.20000000007144, 193.8543637538413
351.2333333334048, 176.7294881090824
351.26666666673816, 195.96533569166877
351.3000000000715, 281.9385309861163
351.3333333334049, 392.827019877492
351.36666666673824, 466.4738410699985
351.4000000000716, 476.2861265695077
351.43333333340496, 429.29856157599914
351.4666666667383, 342.71170052978783
351.5000000000717, 259.2232814966973
351.53333333340504, 221.60306096559069
351.5666666667384, 226.19180420809053
351.60000000007176, 242.0528930489156
351.6333333334051, 249.17690641294828
351.6666666667385, 247.24034081742394
351.70000000007184, 238.28795500829457
351.7333333334052, 226.6069540229937
351.76666666673856, 217.213866352319
351.8000000000719, 213.19150047672625
351.8333333334053, 215.52690059697147
351.86666666673864, 222.85784904676035
351.900000000072, 226.31835810584042
351.93333333340536, 216.94349967418592
351.9666666667387, 203.8373211714234
352.0000000000721, 208.2344893258163
352.03333333340544, 248.21948950611701
352.0666666667388, 335.1771198281264
352.10000000007216, 469.3071886244787
352.1333333334055, 581.8061764248433
352.1666666667389, 578.4450834347473
352.20000000007224, 455.0416104462848
352.2333333334056, 316.8390229886414
352.26666666673896, 250.12591034089917
352.3000000000723, 244.38770725544876
352.3333333334057, 266.91367558371377
352.36666666673904, 295.4660292491783
352.4000000000724, 315.6688167038429
352.43333333340576, 317.9727105593163
352.4666666667391, 303.07069343020294
352.5000000000725, 280.35963063911595
352.53333333340584, 313.977589168436
352.5666666667392, 489.71292156461436
352.60000000007255, 766.097886918371
352.6333333334059, 932.0385182699284
352.6666666667393, 833.0287558125386
352.70000000007263, 600.9350789621851
352.733333333406, 433.2872251187957
352.76666666673935, 375.7548286292029
352.8000000000727, 350.54176541453455
352.8333333334061, 307.4960568811715
352.86666666673943, 271.5437564138723
352.9000000000728, 273.5264435763844
352.93333333340615, 302.2555022437471
352.9666666667395, 326.29389640811587
353.0000000000729, 329.2820059032817
353.03333333340623, 316.60423814726414
353.0666666667396, 295.3242510099527
353.10000000007295, 272.5454109706204
353.1333333334063, 255.7513013563307
353.1666666667397, 259.0474906639765
353.20000000007303, 302.2260006455002
353.2333333334064, 388.0072354857868
353.26666666673975, 474.99521723706573
353.3000000000731, 518.7885101430719
353.3333333334065, 509.4415468822361
353.36666666673983, 455.0006422869679
353.4000000000732, 374.056855826481
353.43333333340655, 300.7880053474957
353.4666666667399, 264.2109663094033
353.50000000007327, 262.77731708446163
353.53333333340663, 286.2652096527676
353.56666666674, 331.76171519515776
353.60000000007335, 402.89818289158393
353.6333333334067, 489.7548878526489
353.66666666674007, 545.8392611215355
353.70000000007343, 526.0770606034165
353.7333333334068, 452.712796213348
353.76666666674015, 383.36153560434104
353.8000000000735, 346.33118196653305
353.83333333340687, 324.33689894157914
353.86666666674023, 300.3108026332121
353.9000000000736, 277.0965621084853
353.93333333340695, 263.77926182957344
353.9666666667403, 273.4239027500242
354.00000000007367, 322.7102939238852
354.03333333340703, 417.385217245819
354.0666666667404, 533.4558204456698
354.10000000007375, 643.245938318479
354.1333333334071, 730.6342805263582
354.16666666674047, 785.6260529912349
354.2000000000738, 793.6976428357924
354.2333333334072, 733.2488329570141
354.26666666674055, 595.8868589231009
354.3000000000739, 440.19077551319816
354.33333333340727, 341.68299960502145
354.3666666667406, 311.2382728508004
354.400000000074, 301.0885364246104
354.43333333340735, 278.9886373895917
354.4666666667407, 259.5697039577707
354.50000000007407, 262.08504319537894
354.5333333334074, 278.1809208494827
354.5666666667408, 285.15759055068287
354.60000000007415, 273.80307898103985
354.6333333334075, 255.49426004130743
354.66666666674087, 242.00545542024005
354.7000000000742, 238.91514358742745
354.7333333334076, 249.4068681121064
354.76666666674095, 266.09347294192463
354.8000000000743, 272.283638402463
354.83333333340767, 258.87242117703914
354.866666666741, 237.0004914373497
354.9000000000744, 219.88589639281244
354.93333333340775, 211.1777145424179
354.9666666667411, 209.63204342761028
355.00000000007446, 212.3471480056025
355.0333333334078, 214.07565230747147
355.0666666667412, 211.4028183236246
355.10000000007454, 209.92457012547874
355.1333333334079, 217.1888081826175
355.16666666674126, 231.11979195480052
355.2000000000746, 241.61193503898784
355.233333333408, 248.98580990874228
355.26666666674134, 279.29216566103787
355.3000000000747, 357.09066516463366
355.33333333340806, 464.94930596028235
355.3666666667414, 566.3112491839267
355.4000000000748, 662.8500604317329
355.43333333340814, 808.272538199503
355.4666666667415, 1020.9057038489578
355.50000000007486, 1157.714737022542
355.5333333334082, 1049.410970384837
355.5666666667416, 760.6692707450779
355.60000000007494, 537.6679079538343
355.6333333334083, 508.38221200354377
355.66666666674166, 528.2397872827182
355.700000000075, 448.754473457843
355.7333333334084, 355.7014204323299
355.76666666674174, 432.0771988407572
355.8000000000751, 684.2561634831281
355.83333333340846, 898.5627020200785
355.8666666667418, 907.0839154213907
355.9000000000752, 763.0858166202158
355.93333333340854, 568.7192815130564
355.9666666667419, 393.2980232962811
356.00000000007526, 282.712217629853
356.0333333334086, 252.40088717686274
356.066666666742, 258.1381762440383
356.10000000007534, 255.30337415295034
356.1333333334087, 241.41169545393973
356.16666666674206, 230.0655042862417
356.2000000000754, 225.8968603181948
356.2333333334088, 223.50658953847469
356.26666666674214, 220.27494035678592
356.3000000000755, 224.36880352517818
356.33333333340886, 243.25133289082072
356.3666666667422, 252.00151372509754
356.4000000000756, 206.91227589919694
356.43333333340894, 191.23214151117793
356.4666666667423, 511.0558023537376
356.50000000007566, 1360.2638064945377
356.533333333409, 2200.5745018283915
356.5666666667424, 2279.5259394264212
356.60000000007574, 1579.399153450792
356.6333333334091, 799.6461122550687
356.66666666674246, 441.8534945019986
356.7000000000758, 369.95319493129807
356.7333333334092, 355.2482486714357
356.76666666674254, 336.8034141271602
356.8000000000759, 343.9769829319503
356.83333333340926, 379.95911873240397
356.8666666667426, 407.138415369548
356.900000000076, 470.8300935725901
356.93333333340934, 1010.5212843609008
356.9666666667427, 2513.36271629245
357.00000000007606, 4364.150419867534
357.0333333334094, 5028.7357417688245
357.0666666667428, 3793.8310571844236
357.10000000007614, 1943.6678135493573
357.1333333334095, 869.2675785988679
357.16666666674286, 606.135155616473
357.2000000000762, 580.2476458091048
357.2333333334096, 494.02292867860314
357.26666666674294, 405.4741094986995
357.3000000000763, 375.37876960811906
357.33333333340966, 388.64681230290427
357.366666666743, 413.34694691294226
357.4000000000764, 429.50578246129015
357.43333333340973, 425.6049162866477
357.4666666667431, 400.85510344210223
357.50000000007645, 374.92861422557047
357.5333333334098, 365.4090603921403
357.5666666667432, 363.23402075441766
357.60000000007653, 350.03957198490474
357.6333333334099, 322.71887135607614
357.66666666674325, 294.21357968363753
357.7000000000766, 274.9049490748498
357.73333333341, 265.20418198011413
357.76666666674333, 263.7881638840113
357.8000000000767, 270.6000968284175
357.83333333341005, 286.1794743996811
357.8666666667434, 303.2823928488168
357.9000000000768, 302.44419708568745
357.93333333341013, 271.35796952807686
357.9666666667435, 236.46572276934046
358.00000000007685, 251.48433235006183
358.0333333334102, 646.7774410121693
358.0666666667436, 1985.3230691520096
358.10000000007693, 4197.917715143936
358.1333333334103, 5705.448409859189
358.16666666674365, 5017.006408640237
358.200000000077, 2919.983759946746
358.23333333341037, 1199.7585804072041
358.26666666674373, 589.0187802691692
358.3000000000771, 502.1735571675477
358.33333333341045, 416.5536192429532
358.3666666667438, 335.38838503766357
358.40000000007717, 374.0664843290689
358.43333333341053, 568.45079818233
358.4666666667439, 900.5792720055227
358.50000000007725, 1292.5224781313445
358.5333333334106, 1558.474820573201
358.56666666674397, 1549.776311843707
358.60000000007733, 1387.8954799197907
358.6333333334107, 1279.6102304197034
358.66666666674405, 1259.3184433821752
358.7000000000774, 1194.028456250962
358.73333333341077, 1002.4192961399973
358.76666666674413, 762.0331715133544
358.8000000000775, 569.4690189664246
358.83333333341085, 455.4462627597043
358.8666666667442, 416.469194707636
358.90000000007757, 427.22909851343616
358.9333333334109, 432.3487561322964
358.9666666667443, 390.0808608609303
359.00000000007765, 323.3068835646557
359.033333333411, 269.4950844639385
359.06666666674437, 239.79055169146454
359.1000000000777, 225.89028014971564
359.1333333334111, 220.1552565426216
359.16666666674445, 217.19896200440178
359.2000000000778, 212.9792764916383
359.23333333341117, 210.03579679260568
359.2666666667445, 213.2616431786752
359.3000000000779, 224.10975830421071
359.33333333341125, 240.42434188456227
359.3666666667446, 260.639867685838
359.40000000007797, 285.4180745850799
359.4333333334113, 314.45791602791064
359.4666666667447, 334.6467957182158
359.50000000007805, 326.2178577347164
359.5333333334114, 287.53391620843485
359.56666666674477, 243.8047959549447
359.6000000000781, 217.04750210805216
359.6333333334115, 206.27484790344508
359.66666666674485, 204.43186926621573
359.7000000000782, 206.1692831040752
359.73333333341157, 207.46198023286271
359.7666666667449, 206.1844248608222
359.8000000000783, 204.0949439699659
359.83333333341164, 203.92943672829097
359.866666666745, 211.53408208367136
359.90000000007836, 233.42509983265023
359.9333333334117, 262.12652516856076
359.9666666667451, 275.24252923529974
360.00000000007844, 259.9598102248557
360.0333333334118, 234.0108493925132
360.06666666674516, 218.68145212950583
360.1000000000785, 215.72270689445986
360.1333333334119, 216.34366392733745
360.16666666674524, 220.40761527583552
360.2000000000786, 240.65355948684604
360.23333333341196, 287.63432287238066
360.2666666667453, 358.25639585834875
360.3000000000787, 443.6584842185133
360.33333333341204, 503.75779045068117
360.3666666667454, 475.35274121665213
360.40000000007876, 359.32254859550886
360.4333333334121, 287.5077085337861
360.4666666667455, 374.8087476538904
360.50000000007884, 537.302395098748
360.5333333334122, 623.1377651991664
360.56666666674556, 640.5504529548044
360.6000000000789, 761.7780072624192
360.6333333334123, 1054.5182656830877
360.66666666674564, 1271.8564745780573
360.700000000079, 1153.927873944078
360.73333333341236, 807.7758082809756
360.7666666667457, 528.8425424702119
360.8000000000791, 546.7893195381615
360.83333333341244, 998.3494711032234
360.8666666667458, 1869.1113122211782
360.90000000007916, 2578.9779256569764
360.9333333334125, 2471.5292014986244
360.9666666667459, 1698.16433434047
361.00000000007924, 971.3868068420004
361.0333333334126, 682.8644375560461
361.06666666674596, 608.1024010011921
361.1000000000793, 501.6513067176353
361.1333333334127, 368.1561796588817
361.16666666674604, 293.43141244387135
361.2000000000794, 290.9523721339025
361.23333333341276, 307.03740063294225
361.2666666667461, 303.630733462243
361.3000000000795, 288.0891987515624
361.33333333341284, 273.8603339533579
361.3666666667462, 267.6514653673419
361.40000000007956, 272.87415314724245
361.4333333334129, 286.05024272396554
361.4666666667463, 295.30839389390167
361.50000000007964, 291.6297393831123
361.533333333413, 277.37587316741724
361.56666666674636, 258.3697798108087
361.6000000000797, 251.78475382149728
361.6333333334131, 281.1207082746857
361.66666666674644, 332.17359276331456
361.7000000000798, 330.28714299156496
361.73333333341316, 258.8328378865227
361.7666666667465, 391.6647610709082
361.8000000000799, 1051.8636219657055
361.83333333341324, 2032.8852991091578
361.8666666667466, 2709.9524855536897
361.90000000007996, 2710.8397811409577
361.9333333334133, 2216.0103436822938
361.9666666667467, 1478.1955107850074
362.00000000008004, 767.6089320349557
362.0333333334134, 352.8607219280524
362.06666666674676, 305.4188069953311
362.1000000000801, 495.529626693707
362.1333333334135, 775.6717973439906
362.16666666674683, 974.4633660361275
362.2000000000802, 942.465941399085
362.23333333341355, 747.0735810828423
362.2666666667469, 561.0301335521073
362.3000000000803, 463.55254456667683
362.33333333341363, 410.94146299831175
362.366666666747, 363.0331662718589
362.40000000008035, 322.1406653259515
362.4333333334137, 298.9683654533292
362.4666666667471, 290.85681290006846
362.50000000008043, 286.6856291857948
362.5333333334138, 278.7995772763523
362.56666666674715, 265.5119308876716
362.6000000000805, 246.86459707206052
362.6333333334139, 228.39651041787246
362.66666666674723, 216.9085719297052
362.7000000000806, 213.52986330209816
362.73333333341395, 214.82319871505067
362.7666666667473, 216.49684661473665
362.8000000000807, 212.73418409494192
362.83333333341403, 200.94605124618258
362.8666666667474, 199.48705212234321
362.90000000008075, 232.2295839023852
362.9333333334141, 267.26050924999794
362.96666666674747, 216.7976285451435
363.00000000008083, 91.07224792711824
363.0333333334142, 168.17031271806815
363.06666666674755, 716.2412081759308
363.1000000000809, 1572.3876970174008
363.13333333341427, 2369.4314904600665
363.16666666674763, 2805.2824464938453
363.200000000081, 2660.4475208071403
363.23333333341435, 1881.3033897207977
363.2666666667477, 957.058244162374
363.30000000008107, 440.32725349214843
363.33333333341443, 350.65494201338845
363.3666666667478, 392.7055173868624
363.40000000008115, 393.3683030538028
363.4333333334145, 373.1822425473123
363.46666666674787, 361.1693402438545
363.50000000008123, 352.65266118903537
363.5333333334146, 335.32785283940564
363.56666666674795, 315.5043461900753
363.6000000000813, 312.912220510876
363.63333333341467, 330.63552255879824
363.66666666674803, 339.9177972074212
363.7000000000814, 319.057491834115
363.73333333341475, 302.7286661054685
363.7666666667481, 340.7708898296864
363.80000000008147, 416.7308568608397
363.8333333334148, 455.65717045841717
363.8666666667482, 416.6186376207581
363.90000000008155, 341.40787888115494
363.9333333334149, 282.2070622187141
363.96666666674827, 283.4148442082115
364.0000000000816, 382.97185055892635
364.033333333415, 534.4307910982989
364.06666666674835, 601.7808241410553
364.1000000000817, 508.28218008555723
364.13333333341507, 355.09410705552585
364.1666666667484, 261.02437038199366
364.2000000000818, 235.4748053494434
364.23333333341515, 234.42063466727168
364.2666666667485, 235.9387007943704
364.30000000008187, 246.57249608045888
364.3333333334152, 269.2799245926
364.3666666667486, 288.6310858267169
364.40000000008195, 287.4055938842987
364.4333333334153, 270.13778073142885
364.46666666674867, 254.21055378795776
364.500000000082, 258.2966412005476
364.5333333334154, 302.753898189294
364.56666666674874, 383.4382860062129
364.6000000000821, 395.2496922254651
364.63333333341546, 231.53905131122048
364.6666666667488, 99.20971846683867
364.7000000000822, 419.1113719636577
364.73333333341554, 1255.6455335857304
364.7666666667489, 2036.6121856304296
364.80000000008226, 2246.566633588392
364.8333333334156, 1966.4648581580225
364.866666666749, 1457.9233390905763
364.90000000008234, 953.4472779392286
364.9333333334157, 660.9654879913521
364.96666666674906, 648.2984362552263
365.0000000000824, 1136.6127525184704
365.0333333334158, 1182.9415944003063
365.06666666674914, 1346.0758892358485
365.1000000000825, 1458.0930595098584
365.13333333341586, 1409.336680515088
365.1666666667492, 1239.226683805213
365.2000000000826, 1010.6860302820123
365.23333333341594, 786.6376808472647
365.2666666667493, 620.8065649558725
365.30000000008266, 517.7989424994105
365.333333333416, 465.8919559065786
365.3666666667494, 453.35180375094313
365.40000000008274, 468.4824225724325
365.4333333334161, 500.0421280163651
365.46666666674946, 537.0900026057793
365.5000000000828, 568.690495340892
365.5333333334162, 584.0987490089905
365.56666666674954, 579.5534342889127
365.6000000000829, 560.1240315109878
365.63333333341626, 531.4465620881008
365.6666666667496, 499.15666152533686
365.700000000083, 468.7530419559057
365.73333333341634, 445.39599800362316
365.7666666667497, 434.1944544689972
365.80000000008306, 440.2573361525355
365.8333333334164, 466.35166940710826
365.8666666667498, 503.23986599954094
365.90000000008314, 537.8482365127082
365.9333333334165, 557.1013986237937
365.96666666674986, 549.2175448583085
366.0000000000832, 517.1733225872638
366.0333333334166, 473.33597234538826
366.06666666674994, 430.22346332281427
366.1000000000833, 400.136181774571
366.13333333341666, 388.0993923363467
366.16666666675, 390.32046823781593
366.2000000000834, 402.47706376865233
366.23333333341674, 420.2478432930671
366.2666666667501, 439.58695437172855
366.30000000008346, 457.09645431421205
366.3333333334168, 469.47146637025907
366.3666666667502, 473.40711378961095
366.40000000008354, 466.8955802001585
366.4333333334169, 454.2090973282787
366.46666666675026, 441.5179704613314
366.5000000000836, 434.99290950132865
366.533333333417, 440.0210920402171
366.56666666675034, 453.67147352668496
366.6000000000837, 467.9993223827549
366.63333333341706, 474.9908602647105
366.6666666667504, 467.0635114108788
366.7000000000838, 449.4742451589749
366.73333333341714, 442.1891544358315
366.7666666667505, 465.98161780890234
366.80000000008386, 541.5358899514418
366.8333333334172, 671.605870103037
366.8666666667506, 819.4037813728933
366.90000000008393, 942.8626755214478
366.9333333334173, 999.9156043091364
366.96666666675065, 960.5155612758078
367.000000000084, 848.7132844507877
367.0333333334174, 703.7721109880583
367.06666666675073, 564.9561992670673
367.1000000000841, 468.28773840271157
367.13333333341745, 418.30408379194694
367.1666666667508, 401.8333952672782
367.2000000000842, 405.50632835651385
367.23333333341753, 416.1621110268293
367.2666666667509, 426.0544788713725
367.30000000008425, 433.21861411113457
367.3333333334176, 435.97175813809247
367.366666666751, 432.65161617151443
367.40000000008433, 424.5641702685853
367.4333333334177, 419.0659641395894
367.46666666675105, 424.25032235961663
367.5000000000844, 448.2105695037572
367.5333333334178, 496.97895998366874
367.56666666675113, 568.1016437135862
367.6000000000845, 656.9410257208664
367.63333333341785, 758.8595091342606
367.6666666667512, 868.805656623388
367.7000000000846, 978.1094335782111
367.73333333341793, 1076.2305303841606
367.7666666667513, 1152.6129679999974
367.80000000008465, 1197.1084551670774
367.833333333418, 1208.6354955157713
367.86666666675137, 1195.0104249932647
367.90000000008473, 1164.4234710663088
367.9333333334181, 1125.0617205213134
367.96666666675145, 1084.7866551763034
368.0000000000848, 1050.854723814959
368.03333333341817, 1030.4565303482595
368.06666666675153, 1030.7826173032747
368.1000000000849, 1054.9901597828546
368.13333333341825, 1091.2861989257483
368.1666666667516, 1124.4146729468832
368.20000000008497, 1139.119520061186
368.23333333341833, 1122.2433848648716
368.2666666667517, 1076.908129649496
368.30000000008505, 1013.8439507399489
368.3333333334184, 943.8241483551344
368.36666666675177, 877.4636060018872
368.40000000008513, 822.4013330632258
368.4333333334185, 783.6300167502468
368.46666666675185, 766.05012269588
368.5000000000852, 774.5857210538836
368.53333333341857, 815.9119552533829
368.5666666667519, 899.6304558119813
368.6000000000853, 1035.6211569496986
368.63333333341865, 1233.7603434603175
368.666666666752, 1488.4783301316147
368.70000000008537, 1743.4564635474762
368.7333333334187, 1931.9690367938715
368.7666666667521, 1987.2903429567714
368.80000000008545, 1857.0424070107301
368.8333333334188, 1586.2042060007013
368.86666666675217, 1260.2105613367596
368.9000000000855, 964.628092018876
368.9333333334189, 780.3572775851276
368.96666666675225, 715.0903075370547
369.0000000000856, 718.3782740045533
369.03333333341897, 738.1698183275198
369.0666666667523, 723.0479059615948
369.1000000000857, 655.5104913769493
369.13333333341905, 568.3698379454717
369.1666666667524, 498.5132031163366
369.20000000008577, 482.81180514616403
369.2333333334191, 542.4104492507465
369.2666666667525, 653.3017277030805
369.30000000008584, 783.4250778642644
369.3333333334192, 900.7199370953966
369.36666666675256, 977.0047040830884
369.4000000000859, 1006.8142294676746
369.4333333334193, 992.9278030046268
369.46666666675264, 938.136313095768
369.500000000086, 846.1279146877233
369.53333333341936, 732.2416259516193
369.5666666667527, 619.9562599637835
369.6000000000861, 532.9172499117702
369.63333333341944, 494.2384221728168
369.6666666667528, 506.334454868766
369.70000000008616, 544.7120323370049
369.7333333334195, 583.0776130361758
369.7666666667529, 595.1760628419281
369.80000000008624, 568.5342132170684
369.8333333334196, 524.8108754408632
369.86666666675296, 490.8574174547157
369.9000000000863, 493.5252072000289
369.9333333334197, 552.1426722546244
369.96666666675304, 648.5248490120255
370.0000000000864, 752.8169679001909
370.03333333341976, 835.1605437873769
370.0666666667531, 868.1781676993413
370.1000000000865, 850.9514916334597
370.13333333341984, 798.5649572127504
370.1666666667532, 726.325612091552
370.20000000008656, 649.584330812464
370.2333333334199, 584.9490766945196
370.2666666667533, 550.4411451240362
370.30000000008664, 564.1570415375602
370.33333333342, 644.0989212169312
370.36666666675336, 792.5230258360658
370.4000000000867, 978.4448278103523
370.4333333334201, 1166.6612204800315
370.46666666675344, 1321.969097185344
370.5000000000868, 1416.1651358301322
370.53333333342016, 1450.3471330196346
370.5666666667535, 1433.2786543279017
370.6000000000869, 1373.7232908027338
370.63333333342024, 1283.479978581591
370.6666666667536, 1200.7462842711466
370.70000000008696, 1177.3037396282068
370.7333333334203, 1265.0458865399514
370.7666666667537, 1511.8315695922633
370.80000000008704, 1879.3173240886256
370.8333333334204, 2246.4698484513874
370.86666666675376, 2488.9240194104555
370.9000000000871, 2483.2622993334344
370.9333333334205, 2191.304129003784
370.96666666675384, 1726.5618918673308
371.0000000000872, 1218.1874835247897
371.03333333342056, 795.3292743729785
371.0666666667539, 551.3244785258212
371.1000000000873, 455.5808449034504
371.13333333342064, 450.7164426460864
371.166666666754, 479.3493408939503
371.20000000008736, 490.18211295142254
371.2333333334207, 474.7621881122092
371.2666666667541, 443.03965244614943
371.30000000008744, 405.0355585571712
371.3333333334208, 370.68504254730857
371.36666666675416, 348.5425950369887
371.4000000000875, 346.0490537011044
371.4333333334209, 370.61351250108237
371.46666666675424, 429.3986808155289
371.5000000000876, 516.3817431159688
371.53333333342096, 605.9715289970758
371.5666666667543, 670.9912142306158
371.6000000000877, 684.2822697056981
371.63333333342104, 634.3868029998064
371.6666666667544, 554.1907523763655
371.70000000008775, 484.35320919453034
371.7333333334211, 465.5332648134557
371.7666666667545, 539.840291224252
371.80000000008783, 757.583646254654
371.8333333334212, 1171.9515901515333
371.86666666675455, 1836.1355182116185
371.9000000000879, 2788.0154564280106
371.9333333334213, 3879.0034158377316
371.96666666675463, 4836.05979695504
372.000000000088, 5383.876143126076
372.03333333342135, 5254.929439357151
372.0666666667547, 4447.348548574038
372.1000000000881, 3284.351531759295
372.13333333342143, 2108.981484958849
372.1666666667548, 1263.6456080797118
372.20000000008815, 940.8503716096438
372.2333333334215, 990.9204337165049
372.2666666667549, 1216.6582507597764
372.30000000008823, 1420.866279098941
372.3333333334216, 1444.817131972865
372.36666666675495, 1302.611195083048
372.4000000000883, 1056.8616629107223
372.4333333334217, 770.1842344374429
372.46666666675503, 504.85326259550646
372.5000000000884, 319.9774943714062
372.53333333342175, 272.94937485170027
372.5666666667551, 421.1443747769166
372.60000000008847, 817.142745424418
372.63333333342183, 1403.8988323532444
372.6666666667552, 2015.1087786184862
372.70000000008855, 2479.7470487151804
372.7333333334219, 2627.887989440007
372.76666666675527, 2397.9070865211147
372.80000000008863, 1926.3519175963897
372.833333333422, 1370.9281242992647
372.86666666675535, 889.3387078657319
372.9000000000887, 600.6308562859233
372.93333333342207, 487.7507755027198
372.96666666675543, 503.70689081935586
373.0000000000888, 601.5076275390652
373.03333333342215, 734.0611609714618
373.0666666667555, 853.5667096177917
373.10000000008887, 911.9178219265214
373.13333333342223, 861.0068453698673
373.1666666667556, 663.1084522308665
373.20000000008895, 445.2575715074763
373.2333333334223, 466.31373454128664
373.26666666675567, 988.8287924207301
373.300000000089, 2269.155779304327
373.3333333334224, 4248.364381594415
373.36666666675575, 6408.890062773363
373.4000000000891, 8197.03089093755
373.43333333342247, 9059.48037374287
373.4666666667558, 8704.396639769433
373.5000000000892, 7553.211317242552
373.53333333342255, 6147.861817399202
373.5666666667559, 5030.285551476362
373.60000000008927, 4630.364945344294
373.6333333334226, 4775.445650823377
373.666666666756, 5091.230098354022
373.70000000008935, 5203.2766277664105
373.7333333334227, 4771.009247610561
373.76666666675607, 3836.1283212796284
373.8000000000894, 2681.6512046366543
373.8333333334228, 1594.3851056218598
373.86666666675615, 854.4409043665802
373.9000000000895, 542.6545510116803
373.93333333342287, 511.6365506960844
373.9666666667562, 601.4775589837525
374.0000000000896, 652.7398609943325
374.03333333342295, 583.0947787674406
374.0666666667563, 472.183678918873
374.10000000008966, 420.08321304816116
374.133333333423, 526.8700327548373
374.1666666667564, 852.5121312564521
374.20000000008974, 1294.3781943370616
374.2333333334231, 1708.6386306930658
374.26666666675646, 1951.4638453964733
374.3000000000898, 1906.9863755047697
374.3333333334232, 1687.2848139136468
374.36666666675654, 1515.5724430341486
374.4000000000899, 1615.810385439631
374.43333333342326, 2196.0806542581367
374.4666666667566, 3165.4394146149452
374.50000000009, 4166.6356028296395
374.53333333342334, 4833.110327145491
374.5666666667567, 4802.733159176167
374.60000000009006, 4007.950994964198
374.6333333334234, 2855.2278432135604
374.6666666667568, 1793.9098938485613
374.70000000009014, 1273.2394997096058
374.7333333334235, 1582.1570626437301
374.76666666675686, 2525.7353044418546
374.8000000000902, 3818.1105459083838
374.8333333334236, 5173.419107847725
374.86666666675694, 6323.808381699436
374.9000000000903, 7108.152013882201
374.93333333342366, 7404.487096866363
374.966666666757, 7090.910396207803
375.0000000000904, 6067.414166945264
375.03333333342374, 4508.362827371559
375.0666666667571, 2775.0337896293895
375.10000000009046, 1232.2961954485297
375.1333333334238, 237.5611610316776
375.1666666667572, -106.48731585702592
375.20000000009054, -9.027772684391948
375.2333333334239, 301.729243229821
375.26666666675726, 597.9503148067643
375.3000000000906, 732.5510476145619
375.333333333424, 739.0019660356368
375.36666666675734, 675.2649110355388
375.4000000000907, 599.3017235798173
375.43333333342406, 555.9338876791983
375.4666666667574, 533.5350626000343
375.5000000000908, 505.324572774888
375.53333333342414, 444.52155294232426
375.5666666667575, 337.38370129976704
375.60000000009086, 282.30687417183935
375.6333333334242, 434.86068421515404
375.6666666667576, 951.0706372875895
375.70000000009094, 1972.9620396042076
375.7333333334243, 3363.337944812088
375.76666666675766, 4727.662184321475
375.800000000091, 5661.784136295712
375.8333333334244, 5765.670339982612
375.86666666675774, 4935.0855480804685
375.9000000000911, 3554.767066049895
375.93333333342446, 2055.2908933274057
375.9666666667578, 867.1604764276844
376.0000000000912, 282.7500817088063
376.03333333342454, 168.92033494966995
376.0666666667579, 310.85761161714544
376.10000000009126, 493.7482871781035
376.1333333334246, 542.4112914075789
376.166666666758, 519.3123009963475
376.20000000009134, 575.0935812224443
376.2333333334247, 860.542612892849
376.26666666675806, 1507.8103402637603
376.3000000000914, 2414.869405786681
376.3333333334248, 3319.8471730183305
376.36666666675814, 3957.784057263903
376.4000000000915, 4070.8671673125464
376.43333333342486, 3642.1996717292527
376.4666666667582, 2948.0211727901547
376.5000000000916, 2282.2882193533956
376.53333333342493, 1938.2022473430793
376.5666666667583, 2058.023390702465
376.60000000009165, 2451.6246427004016
376.633333333425, 2884.576350191005
376.6666666667584, 3122.4488600283908
376.70000000009173, 2991.2589882571037
376.7333333334251, 2570.103789646689
376.76666666675845, 2004.304626103728
376.8000000000918, 1439.1830825050822
376.8333333334252, 1006.5199660098199
376.86666666675853, 726.0456074132858
376.9000000000919, 562.1674701425146
376.93333333342525, 478.9020347959311
376.9666666667586, 440.98627382571044
377.000000000092, 426.62946436615533
377.03333333342533, 425.9878907289747
377.0666666667587, 429.6318882799301
377.10000000009205, 428.2177610052993
377.1333333334254, 417.79634681058224
377.1666666667588, 402.9188604451264
377.20000000009213, 388.88420445068857
377.2333333334255, 380.9893503604176
377.26666666675885, 382.48792063531727
377.3000000000922, 390.7136696865208
377.33333333342557, 401.9344460636494
377.36666666675893, 412.41809831632474
377.4000000000923, 419.05332315313103
377.43333333342565, 422.18589559616123
377.466666666759, 423.35782576459076
377.50000000009237, 424.11227842762844
377.53333333342573, 425.89111218051477
377.5666666667591, 428.98378460210205
377.60000000009245, 432.94810075081847
377.6333333334258, 437.3301922064541
377.66666666675917, 441.6900529463706
377.70000000009253, 445.9851443180812
377.7333333334259, 450.6197116885059
377.76666666675925, 456.0217684697916
377.8000000000926, 462.6123153647654
377.83333333342597, 469.85399280814823
377.86666666675933, 475.2859596663134
377.9000000000927, 476.2174429470791
377.93333333342605, 469.9576824546948
377.9666666667594, 455.2318550556005
378.00000000009277, 436.0789107214745
378.0333333334261, 417.7840924728915
378.0666666667595, 405.63264333042645
378.10000000009285, 403.93945198499796
378.1333333334262, 409.95811643778575
378.16666666675957, 417.81996951356416
378.2000000000929, 421.6425071362269
378.2333333334263, 415.9778568428967
378.26666666675965, 402.18068764010775
378.300000000093, 386.9996314092739
378.33333333342637, 377.3314734584804
378.3666666667597, 379.95731799837796
378.4000000000931, 396.35101518463574
378.43333333342645, 420.5829637453696
378.4666666667598, 446.1740254095299
378.50000000009317, 466.66562452087845
378.5333333334265, 483.66727659382076
378.5666666667599, 519.0844650898825
378.60000000009325, 597.9638273743772
378.6333333334266, 745.3520008126179
378.66666666675997, 972.9766440658324
378.7000000000933, 1229.2442675612454
378.7333333334267, 1443.7635800772152
378.76666666676005, 1546.1402713013224
378.8000000000934, 1475.5828507918675
378.83333333342676, 1261.3641034926045
378.8666666667601, 982.0302920288165
378.9000000000935, 716.6298873864472
378.93333333342684, 541.5500722165742
378.9666666667602, 475.669819684935
379.00000000009356, 482.34403887758657
379.0333333334269, 522.6633329911103
379.0666666667603, 557.9092226563743
379.10000000009364, 564.2014845936812
379.133333333427, 542.8496673965582
379.16666666676036, 497.6081000612467
379.2000000000937, 432.2359027787221
379.2333333334271, 360.19205489041724
379.26666666676044, 324.98628275764565
379.3000000000938, 375.9302122690234
379.33333333342716, 562.3354693131666
379.3666666667605, 914.1180104548761
379.4000000000939, 1347.0355819968338
379.43333333342724, 1735.219269643594
379.4666666667606, 1952.7395499847698
379.50000000009396, 1886.5938838849597
379.5333333334273, 1578.0481061765868
379.5666666667607, 1169.8250691366934
379.60000000009404, 806.4273933056483
379.6333333334274, 629.1203671041561
379.66666666676076, 682.2215231794914
379.7000000000941, 898.6675626963303
379.7333333334275, 1205.2537995020734
379.76666666676084, 1528.8667516380967
379.8000000000942, 1809.3260860187002
379.83333333342756, 2012.6609189026826
379.8666666667609, 2108.0697836541317
379.9000000000943, 2064.751405757317
379.93333333342764, 1869.6417701654213
379.966666666761, 1575.972523092577
380.00000000009436, 1252.4612456854704
380.0333333334277, 967.8255190907886
380.0666666667611, 781.3297256980711
380.10000000009444, 684.7972530060001
380.1333333334278, 640.7473859580263
380.16666666676116, 611.5798518402585
380.2000000000945, 562.1412116064779
380.2333333334279, 493.9192455159836
380.26666666676124, 436.6232292793255
380.3000000000946, 420.6892611297054
380.33333333342796, 475.9637097889269
380.3666666667613, 607.7897533627721
380.4000000000947, 788.7361655208517
380.43333333342804, 989.0837573469371
380.4666666667614, 1179.1328050122638
380.50000000009476, 1334.7187882601102
380.5333333334281, 1444.803061566364
380.5666666667615, 1500.249860373098
380.60000000009484, 1491.9234201223856
380.6333333334282, 1415.6678909144362
380.66666666676156, 1289.2447352856564
380.7000000000949, 1136.443245269649
380.7333333334283, 981.052889996234
380.76666666676164, 845.1111237618067
380.800000000095, 735.822013847006
380.83333333342836, 652.9246776822667
380.8666666667617, 596.1015100877651
380.9000000000951, 564.7123065312948
380.93333333342844, 552.1563771297535
380.9666666667618, 546.5856347453852
381.00000000009516, 535.9727367630418
381.0333333334285, 508.6314696486096
381.0666666667619, 472.4415349481713
381.10000000009524, 465.10231262983166
381.1333333334286, 526.8199057489444
381.16666666676196, 697.7434231093479
381.2000000000953, 981.4613275621952
381.2333333334287, 1282.2491914891689
381.26666666676203, 1487.6801706952251
381.3000000000954, 1485.3274209853212
381.33333333342875, 1214.1920251090871
381.3666666667621, 873.1246592611291
381.4000000000955, 742.8564960249428
381.43333333342883, 1104.1493372715859
381.4666666667622, 2190.1746006760077
381.50000000009555, 3766.5744712556702
381.5333333334289, 5333.625835402354
381.5666666667623, 6388.559758854866
381.60000000009563, 6448.750808933908
381.633333333429, 5480.983171215198
381.66666666676235, 3893.8663116832
381.7000000000957, 2114.636192583748
381.7333333334291, 568.9897287494357
381.76666666676243, -437.3124286146351
381.8000000000958, -802.2974381648303
381.83333333342915, -443.79378024897164
381.8666666667625, 720.2897199767066
381.9000000000959, 2638.204484778174
381.93333333342923, 4851.138136220872
381.9666666667626, 6823.172412759201
382.00000000009595, 8018.389052847559
382.0333333334293, 8013.608048529532
382.06666666676267, 7023.411895137172
382.10000000009603, 5486.40356259064
382.1333333334294, 3841.4309541736843
382.16666666676275, 2500.933315598738
382.2000000000961, 1583.661112468386
382.23333333342947, 1025.0234269055668
382.26666666676283, 757.6378340574122
382.3000000000962, 715.8282621420801
382.33333333342955, 878.6378454572261
382.3666666667629, 1273.099003899855
382.40000000009627, 1928.6055476786985
382.43333333342963, 2873.688386677056
382.466666666763, 4048.356730223735
382.50000000009635, 5228.642676667108
382.5333333334297, 6172.8018505376085
382.56666666676307, 6639.109421226647
382.60000000009643, 6484.141476807554
382.6333333334298, 5891.212541973226
382.66666666676315, 5111.436655489632
382.7000000000965, 4395.927856122752
382.73333333342987, 3953.295753196572
382.76666666676323, 3729.7236143253476
382.8000000000966, 3571.3433202448646
382.83333333342995, 3324.0892675191603
382.8666666667633, 2847.9756542280757
382.90000000009667, 2175.482575488526
382.93333333343, 1454.6787739809176
382.9666666667634, 835.7632137770872
383.00000000009675, 464.792858339488
383.0333333334301, 364.6056540981896
383.06666666676347, 416.94339572514434
383.1000000000968, 495.8098658498906
383.1333333334302, 475.9485340900917
383.16666666676355, 326.9893468997881
383.2000000000969, 205.81530358575662
383.23333333343027, 291.24387693153204
383.2666666667636, 762.0867518275655
383.300000000097, 1699.8339935258666
383.33333333343035, 2841.270715232072
383.3666666667637, 3846.9004697442706
383.40000000009707, 4377.226809860554
383.4333333334304, 4158.37635844935
383.4666666667638, 3347.2071557476256
383.50000000009715, 2274.270959045261
383.5333333334305, 1270.6000010382174
383.56666666676387, 646.1706444532549
383.6000000000972, 435.2647193198555
383.6333333334306, 478.4208730956782
383.66666666676394, 612.1542114932868
383.7000000000973, 676.408401785766
383.73333333343066, 622.2904949146503
383.766666666764, 533.6781325458994
383.8000000000974, 502.24174352950496
383.83333333343074, 619.4209230963344
383.8666666667641, 942.2108736362991
383.90000000009746, 1456.8850170001842
383.9333333334308, 2141.0306211799125
383.9666666667642, 2972.2342832120457
384.00000000009754, 3894.9181901107477
384.0333333334309, 4731.529749089976
384.06666666676426, 5276.481497129073
384.1000000000976, 5324.185971207384
384.133333333431, 4717.857584323933
384.16666666676434, 3632.1652308795874
384.2000000000977, 2379.625906548105
384.23333333343106, 1273.2076706883056
384.2666666667644, 605.8373650227088
384.3000000000978, 398.7995276669228
384.33333333343114, 477.82819847343166
384.3666666667645, 664.3517685728232
384.40000000009786, 783.038980996291
384.4333333334312, 767.951753892891
384.4666666667646, 686.349379849651
384.50000000009794, 613.5502686455022
384.5333333334313, 624.5837116708375
384.56666666676466, 748.5843335219575
384.600000000098, 918.9814203287997
384.6333333334314, 1057.2321051800077
384.66666666676474, 1084.7939444246442
384.7000000000981, 955.3450888956907
384.73333333343146, 742.4392300584594
384.7666666667648, 547.5025460834628
384.8000000000982, 471.9612151412133
384.83333333343154, 597.9937860428237
384.8666666667649, 876.1849144430098
384.90000000009826, 1202.0653081211806
384.9333333334316, 1470.979849862737
384.966666666765, 1584.8677471017006
385.00000000009834, 1535.1646494168074
385.0333333334317, 1377.7908181841192
385.06666666676506, 1170.0893923630244
385.1000000000984, 968.6418150803003
385.1333333334318, 804.5157276195887
385.16666666676514, 677.8281886333124
385.2000000000985, 586.8344695383269
385.23333333343186, 529.7631384919919
385.2666666667652, 500.75068776479714
385.3000000000986, 485.47500009543705
385.33333333343194, 468.5667568266879
385.3666666667653, 434.65694418096854
385.40000000009866, 381.8712424503925
385.433333333432, 357.80704710940563
385.4666666667654, 421.39556130182837
385.50000000009874, 631.5679881714816
385.5333333334321, 1025.6853882794167
385.56666666676546, 1496.712871777282
385.6000000000988, 1878.3402682643298
385.6333333334322, 2004.076481498445
385.66666666676554, 1726.795997804327
385.7000000000989, 1153.8985250228548
385.73333333343226, 572.1259957334087
385.7666666667656, 271.9691687355116
385.800000000099, 535.336363747292
385.83333333343234, 1372.2218837735631
385.8666666667657, 2471.4563097837245
385.90000000009906, 3503.352200412629
385.9333333334324, 4139.371734638621
385.9666666667658, 4205.968402956147
386.00000000009913, 3839.5594506846764
386.0333333334325, 3213.456342898842
386.06666666676585, 2500.968464966306
386.1000000000992, 1845.3394793891798
386.1333333334326, 1284.0154812547146
386.16666666676593, 831.1836503771561
386.2000000000993, 501.0311665707502
386.23333333343265, 304.21622420738976
386.266666666766, 228.89171185949874
386.3000000000994, 254.37061625610363
386.33333333343273, 359.94493057338127
386.3666666667661, 524.3767418714247
386.40000000009945, 719.8980826723287
386.4333333334328, 914.3454836074625
386.4666666667662, 1075.4735601844675
386.50000000009953, 1171.816217400379
386.5333333334329, 1194.2442881189636
386.56666666676625, 1158.7329824620472
386.6000000000996, 1082.5926580654627
386.633333333433, 983.1121836880636
386.66666666676633, 875.2230513712625
386.7000000000997, 769.4034717649188
386.73333333343305, 675.63703871092
386.7666666667664, 603.9061677800772
386.80000000009977, 559.0849295141816
386.83333333343313, 529.2356525783697
386.8666666667665, 498.96725647329663
386.90000000009985, 452.8886606996171
386.9333333334332, 381.7159641433291
386.96666666676657, 312.2859762469823
387.00000000009993, 284.66677880509155
387.0333333334333, 338.9463622151458
387.06666666676665, 509.79602032162796
387.1000000001, 771.1748731874817
387.13333333343337, 1058.9186032039104
387.16666666676673, 1308.2728732757712
387.2000000001001, 1456.267799779736
387.23333333343345, 1484.4373970646748
387.2666666667668, 1420.8320350460963
387.30000000010017, 1295.689275447363
387.33333333343353, 1139.141391726643
387.3666666667669, 972.449498269414
387.40000000010025, 801.4115475474828
387.4333333334336, 630.2728060735661
387.46666666676697, 463.28335324527865
387.50000000010033, 311.70787363705944
387.5333333334337, 207.86043462697685
387.56666666676705, 187.98696388873176
387.6000000001004, 288.33338909602486
387.63333333343377, 534.5541823463454
387.6666666667671, 895.7042427275824
387.7000000001005, 1322.0096366971964
387.73333333343385, 1763.6837278375663
387.7666666667672, 2170.507002627658
387.80000000010057, 2487.9682489908714
387.8333333334339, 2659.102762842601
387.8666666667673, 2626.9170376220495
387.90000000010065, 2338.799991705894
387.933333333434, 1834.2060142861244
387.96666666676737, 1240.0511229695949
388.0000000001007, 686.7122321399892
388.0333333334341, 303.39668027481525
388.06666666676745, 146.38939006286446
388.1000000001008, 157.3365511494259
388.13333333343417, 267.8324755863606
388.1666666667675, 409.4938597876416
388.2000000001009, 526.6976544963659
388.23333333343425, 597.894566628613
388.2666666667676, 607.1616706119551
388.30000000010097, 538.5760408739636
388.3333333334343, 392.92569494456757
388.3666666667677, 249.64971894280401
388.40000000010104, 211.3052958138769
388.4333333334344, 380.45274037086944
388.46666666676776, 839.8349825436588
388.5000000001011, 1502.7343556090243
388.5333333334345, 2196.4444624515518
388.56666666676784, 2747.5851654431485
388.6000000001012, 2991.9567164146797
388.63333333343456, 2923.6652950918196
388.6666666667679, 2670.3659901163865
388.7000000001013, 2363.897942725624
388.73333333343464, 2134.2735908964355
388.766666666768, 2028.8992124242222
388.80000000010136, 1980.6382809888953
388.8333333334347, 1913.9255439671283
388.8666666667681, 1753.3558728343562
388.90000000010144, 1464.5279376265034
388.9333333334348, 1108.2612012896416
388.96666666676816, 758.8587457728443
389.0000000001015, 490.6236530251857
389.0333333334349, 358.8765216359395
389.06666666676824, 342.23522011946403
389.1000000001016, 399.94677304321624
389.13333333343496, 491.2582042371902
389.1666666667683, 578.4360448029283
389.2000000001017, 645.5097276541096
389.23333333343504, 686.0505632956515
389.2666666667684, 693.6705038232413
389.30000000010176, 663.5691309061641
389.3333333334351, 612.9676502438639
389.3666666667685, 575.1942821483069
389.40000000010184, 583.9455599150781
389.4333333334352, 671.6980155226067
389.46666666676856, 831.2262280743048
389.5000000001019, 1007.8017269655062
389.5333333334353, 1143.9000639940564
389.56666666676864, 1182.25994545967
389.600000000102, 1099.5791376001625
389.63333333343536, 939.6796127517495
389.6666666667687, 754.2614177742004
389.7000000001021, 595.0232483038036
389.73333333343544, 504.71461867103983
389.7666666667688, 495.8284227870922
389.80000000010216, 574.4695940104946
389.8333333334355, 746.74306569978
389.8666666667689, 1008.0598326396598
389.90000000010224, 1290.2580558893928
389.9333333334356, 1501.7771088353143
389.96666666676896, 1551.019939830927
390.0000000001023, 1359.8599774197833
390.0333333334357, 998.0672726295776
390.06666666676904, 626.8550999045935
390.1000000001024, 408.7917982126386
390.13333333343576, 499.43615531841164
390.1666666667691, 890.2544528653225
390.2000000001025, 1407.0084021274595
390.23333333343584, 1868.1277406664985
390.2666666667692, 2093.526174712136
390.30000000010256, 2008.9152008378433
390.3333333334359, 1714.432939228567
390.3666666667693, 1326.5121840526022
390.40000000010264, 961.5420499657108
390.433333333436, 704.0443304630204
390.46666666676936, 550.4244407009013
390.5000000001027, 481.9848602934121
390.5333333334361, 480.02806885461086
390.56666666676944, 525.0082940973306
390.6000000001028, 593.3095377752231
390.63333333343616, 660.0964521759947
390.6666666667695, 700.533462682426
390.7000000001029, 693.1080941458073
390.73333333343624, 644.7931186485321
390.7666666667696, 577.0445583890216
390.80000000010295, 511.43275909012993
390.8333333334363, 468.551359686429
390.8666666667697, 452.49472992836104
390.90000000010303, 453.6172907776213
390.9333333334364, 461.85442098855344
390.96666666676975, 467.2555547763784
391.0000000001031, 464.69756509551183
391.0333333334365, 455.5660053300155
391.06666666676983, 441.70617298867074
391.1000000001032, 424.9656225530443
391.13333333343655, 407.65805130503077
391.1666666667699, 393.1311891619726
391.2000000001033, 384.87175323700376
391.23333333343663, 386.36644819453875
391.26666666677, 399.05763621357073
391.30000000010335, 416.6539450304164
391.3333333334367, 431.035522693028
391.3666666667701, 434.08251724935775
391.40000000010343, 419.77633899424103
391.4333333334368, 395.9730324800963
391.46666666677015, 376.1539953181101
391.5000000001035, 373.81666473077604
391.5333333334369, 401.1576522636435
391.56666666677023, 454.4610781493075
391.6000000001036, 519.356724080808
391.63333333343695, 581.2785140158204
391.6666666667703, 626.1174952580307
391.70000000010367, 651.9009670505723
391.73333333343703, 669.7687249567772
391.7666666667704, 691.5133032131969
391.80000000010375, 728.8296476441103
391.8333333334371, 785.0959211580791
391.86666666677047, 849.1402285220163
391.90000000010383, 908.3228205929377
391.9333333334372, 950.0082577706467
391.96666666677055, 966.3611810102016
392.0000000001039, 963.5353213481336
392.03333333343727, 950.2189161040692
392.06666666677063, 935.1002025976345
392.100000000104, 925.8725948454177
392.13333333343735, 925.2470973644969
392.1666666667707, 934.3781551949558
392.20000000010407, 954.4196900371517
392.23333333343743, 985.3822324021421
392.2666666667708, 1017.1342373717306
392.30000000010415, 1034.2402758015971
392.3333333334375, 1021.2185841994301
392.36666666677087, 963.5880582283881
392.4000000001042, 864.2233680827724
392.4333333334376, 740.6940398538194
392.46666666677095, 611.0334499664632
392.5000000001043, 493.38398332400334
392.53333333343767, 410.5709655317256
392.566666666771, 391.7739201026419
392.6000000001044, 466.62542028844695
392.63333333343775, 664.5770520689165
392.6666666667711, 978.3991790381673
392.70000000010447, 1319.8353779537351
392.7333333334378, 1589.79080538567
392.7666666667712, 1689.1711484906175
392.80000000010455, 1559.961734403392
392.8333333334379, 1297.0468482806637
392.86666666677127, 1030.8764514072905
392.9000000001046, 891.9005050681301
392.933333333438, 983.6924400805152
392.96666666677135, 1237.4818981225642
393.0000000001047, 1516.4617630010953
393.03333333343807, 1683.6584315591044
393.0666666667714, 1616.2042918478467
393.1000000001048, 1355.6034973149474
393.13333333343815, 1049.5918008273336
393.1666666667715, 847.6838255896062
393.20000000010486, 893.6184933608201
393.2333333334382, 1190.1876851395637
393.2666666667716, 1594.5802347798656
393.30000000010494, 1957.2777650712205
393.3333333334383, 2129.9707220309847
393.36666666677166, 2051.120674577145
393.400000000105, 1802.5833976873766
393.4333333334384, 1479.6517579684858
393.46666666677174, 1177.5733915011388
393.5000000001051, 963.0621403409621
393.53333333343846, 825.5067538044013
393.5666666667718, 741.3244380350557
393.6000000001052, 686.9323991765252
393.63333333343854, 642.1410087431148
393.6666666667719, 602.3314773677224
393.70000000010526, 567.3486923087422
393.7333333334386, 537.0379141248867
393.766666666772, 511.43256297209086
393.80000000010534, 492.0630191767638
393.8333333334387, 481.17460094308666
393.86666666677206, 481.01705663289357
393.9000000001054, 493.3934784105077
393.9333333334388, 513.4382151416725
393.96666666677214, 531.1594387925078
394.0000000001055, 536.4338869907838
394.03333333343886, 519.60427952186
394.0666666667722, 486.7819518262421
394.1000000001056, 463.2995860325036
394.13333333343894, 475.65489022185
394.1666666667723, 550.5292737177889
394.20000000010566, 737.2207806575111
394.233333333439, 1129.1630010376803
394.2666666667724, 1824.8899441467424
394.30000000010574, 2922.9021023550927
394.3333333334391, 4413.953394919609
394.36666666677246, 5941.817921460283
394.4000000001058, 7080.558616042451
394.4333333334392, 7404.238412731449
394.46666666677254, 6601.010592268888
394.5000000001059, 4981.039282567685
394.53333333343926, 3065.4228800871724
394.5666666667726, 1375.430294054282
394.600000000106, 383.5063478720673
394.63333333343934, 95.7969241371942
394.6666666667727, 259.622002340525
394.70000000010606, 619.5354282407519
394.7333333334394, 928.2194625027778
394.7666666667728, 1089.0830841653362
394.80000000010614, 1138.5211282154028
394.8333333334395, 1117.4912208243825
394.86666666677286, 1066.6323985783574
394.9000000001062, 1012.0420877953536
394.9333333334396, 959.5758200237669
394.96666666677294, 913.5912425194252
395.0000000001063, 878.4355137444812
395.03333333343966, 856.2315502254601
395.066666666773, 844.1393875935772
395.1000000001064, 838.6475041494834
395.13333333343974, 836.2443744037932
395.1666666667731, 833.1986807695041
395.20000000010646, 824.967120841645
395.2333333334398, 806.818926520412
395.2666666667732, 774.0233297060009
395.30000000010654, 723.714101640614
395.3333333334399, 664.66559632972
395.36666666677326, 610.1360234300421
395.4000000001066, 573.3930399109722
395.43333333344, 567.1258437839443
395.46666666677334, 597.6298433780407
395.5000000001067, 667.2272500723303
395.53333333344005, 778.1805541790634
395.5666666667734, 932.108147786232
395.6000000001068, 1116.375763687457
395.63333333344013, 1304.401665040218
395.6666666667735, 1469.02106367437
395.70000000010685, 1582.8672004951898
395.7333333334402, 1606.7077753938067
395.7666666667736, 1483.0627572470946
395.80000000010693, 1152.899111715988
395.8333333334403, 557.557504921994
395.86666666677365, -230.77673605133384
395.900000000107, -817.2935474570006
395.9333333334404, -758.3386863822819
395.96666666677373, 389.7420900855482
396.0000000001071, 2865.412486468308
396.03333333344045, 6069.7267266645395
396.0666666667738, 9190.14076604234
396.1000000001072, 11414.110497194604
396.13333333344053, 12052.290897420562
396.1666666667739, 11263.211454333747
396.20000000010725, 9562.222054064718
396.2333333334406, 7465.9143045488245
396.266666666774, 5468.115387873906
396.30000000010733, 3783.188333427129
396.3333333334407, 2437.8966976559122
396.36666666677405, 1455.532419524674
396.4000000001074, 856.9718090903577
396.43333333344077, 602.4056084113661
396.46666666677413, 588.3466836425464
396.5000000001075, 708.2933758041731
396.53333333344085, 856.3682259625549
396.5666666667742, 970.719412122388
396.60000000010757, 1061.8098151573363
396.63333333344093, 1146.8248564871565
396.6666666667743, 1242.95455500463
396.70000000010765, 1369.7540053451444
396.733333333441, 1552.9963934403042
396.76666666677437, 1819.4646096653498
396.80000000010773, 2195.941544395521
396.8333333334411, 2682.893146652817
396.86666666677445, 3166.6437591241383
396.9000000001078, 3502.579990758799
396.93333333344117, 3546.0878903509597
396.96666666677453, 3181.8940362156586
397.0000000001079, 2508.636394638076
397.03333333344125, 1719.692686278099
397.0666666667746, 1008.8637063033734
397.10000000010797, 557.4521063199853
397.1333333334413, 383.91634061143134
397.1666666667747, 392.66994374116075
397.20000000010805, 485.77801549400806
397.2333333334414, 567.2843555448576
397.26666666677477, 594.4518267815524
397.3000000001081, 582.4338631712999
397.3333333334415, 549.2989740192259
397.36666666677485, 513.0358655984052
397.4000000001082, 485.4614403827557
397.43333333344157, 467.9324267588022
397.4666666667749, 460.7925088415676
397.5000000001083, 464.38514473348647
397.53333333344165, 478.91415599784807
397.566666666775, 504.20608488116204
397.60000000010837, 540.024385755821
397.6333333334417, 586.1325129942182
397.6666666667751, 640.2287428986451
397.70000000010845, 690.8553373435212
397.7333333334418, 724.0179909372243
397.76666666677517, 725.7223059466802
397.8000000001085, 684.8702391143364
397.8333333334419, 611.8315811376
397.86666666677525, 526.6223698073389
397.9000000001086, 449.304667277384
397.93333333344196, 398.7675556420728
397.9666666667753, 378.4435344063279
398.0000000001087, 380.8544386863839
398.03333333344204, 398.29302295329734
398.0666666667754, 423.140291595011
398.10000000010876, 450.16062417226794
398.1333333334421, 476.7165474457586
398.1666666667755, 500.30189276485197
398.20000000010884, 518.4281553140519
398.2333333334422, 529.9581840967128
398.26666666677556, 536.0368602622224
398.3000000001089, 538.0290374842751
398.3333333334423, 537.2996701730053
398.36666666677564, 535.2717731011127
398.400000000109, 533.523652532697
398.43333333344236, 533.6593018666623
398.4666666667757, 537.282714501913
398.5000000001091, 545.0077147757486
398.53333333344244, 553.1324189143891
398.5666666667758, 556.7794437811159
398.60000000010916, 551.0713809633772
398.6333333334425, 532.2063510179948
398.6666666667759, 504.15650839723503
398.70000000010924, 474.31111010377487
398.7333333334426, 450.0741418642855
398.76666666677596, 438.31850458133505
398.8000000001093, 439.1773554532368
398.8333333334427, 448.15091296394087
398.86666666677604, 460.64831822100433
398.9000000001094, 472.1494143155421
398.93333333344276, 479.9315250962729
398.9666666667761, 483.17013132619826
399.0000000001095, 481.1315697314349
399.03333333344284, 473.10102119324085
399.0666666667762, 459.6519263931625
399.10000000010956, 443.4508488763673
399.1333333334429, 427.3561538119656
399.1666666667763, 414.22496507617103
399.20000000010964, 406.3856827076338
399.233333333443, 404.8180574857375
399.26666666677636, 410.28991992232216
399.3000000001097, 423.56910052922814
399.3333333334431, 443.7992128939474
399.36666666677644, 463.4307565030334
399.4000000001098, 473.19041779131516
399.43333333344316, 463.8048815603726
399.4666666667765, 429.9442393057252
399.5000000001099, 392.9557907600603
399.53333333344324, 385.2421932331168
399.5666666667766, 439.2416055519805
399.60000000010996, 582.8048980122693
399.6333333334433, 790.3011988864953
399.6666666667767, 1001.5217760868736
399.70000000011004, 1155.6782881809563
399.7333333334434, 1194.3564517112904
399.76666666677676, 1112.6565479297117
399.8000000001101, 958.5954502823195
399.8333333334435, 782.4444909533062
399.86666666677684, 634.0494130627146
399.9000000001102, 539.4294001411987
399.93333333344356, 488.62288005791515
399.9666666667769, 468.68163851440335
400.0000000001103, 466.6669865402601
400.03333333344364, 472.20160940322563
400.066666666777, 480.9153164380041
400.10000000011036, 489.2980510102961
400.1333333334437, 493.83976280760385
400.1666666667771, 491.6818298972105
400.20000000011044, 482.4065107991094
400.2333333334438, 466.16765167174754
400.26666666677716, 443.119098673572
400.3000000001105, 418.13011064638545
400.3333333334439, 424.7631746436314
400.36666666677723, 507.3737572657943
400.4000000001106, 710.3368286735428
400.43333333344395, 1068.1855539442815
400.4666666667773, 1514.5337847384824
400.5000000001107, 1923.768050216017
400.53333333344403, 2169.5212911465214
400.5666666667774, 2132.3054080026973
400.60000000011075, 1823.2152933724688
400.6333333334441, 1370.2042980071685
400.6666666667775, 905.349210640417
400.70000000011083, 559.0128645304358
400.7333333334442, 387.95223842806354
400.76666666677755, 349.06414493357966
400.8000000001109, 392.1269321159138
400.8333333334443, 467.00221113465864
400.86666666677763, 536.6763726508216
400.900000000111, 591.4576643130324
400.93333333344435, 625.0651324828805
400.9666666667777, 631.2186770744139
401.0000000001111, 607.1464063337542
401.03333333344443, 561.5794048723728
401.0666666667778, 505.60275323767775
401.10000000011115, 450.30153197707665
401.1333333334445, 406.0069739673124
401.16666666677787, 379.0787213298688
401.20000000011123, 374.5731754669773
401.2333333334446, 397.5459711710004
401.26666666677795, 451.4046518653648
401.3000000001113, 525.262686505164
401.33333333344467, 600.8949357863221
401.36666666677803, 660.0162441006051
401.4000000001114, 685.4415367711733
401.43333333344475, 676.8540360255264
401.4666666667781, 647.1340073814358
401.50000000011147, 609.513652644107
401.53333333344483, 577.0078538934174
401.5666666667782, 555.7736563538231
401.60000000011155, 543.8838493395809
401.6333333334449, 538.9465353930807
401.66666666677827, 538.5660985172378
401.70000000011163, 540.0081017502043
401.733333333445, 539.9326933122094
401.76666666677835, 534.9372853077151
401.8000000001117, 521.6219318154212
401.83333333344507, 498.5267423100841
401.8666666667784, 469.56096070005856
401.9000000001118, 439.55494214466086
401.93333333344515, 413.33904180320735
401.9666666667785, 395.93913541048084
402.00000000011187, 393.2403441197169
402.0333333334452, 411.36375726272246
402.0666666667786, 456.43047079767695
402.10000000011195, 531.6958609715789
402.1333333334453, 620.1151273839612
402.16666666677867, 695.8778968704153
402.200000000112, 733.139104685885
402.2333333334454, 708.8454810493506
402.26666666677875, 633.4114391553029
402.3000000001121, 539.3344313487066
402.33333333344547, 459.5026616740286
402.3666666667788, 425.58176410293703
402.4000000001122, 441.5851230425809
402.43333333344555, 484.13078090675947
402.4666666667789, 528.6655929540483
402.50000000011227, 550.9115002365689
402.5333333334456, 541.3481245193634
402.566666666779, 512.3775700061419
402.60000000011235, 478.1807149604721
402.6333333334457, 452.9084343481013
402.66666666677907, 443.9574903368976
402.7000000001124, 443.45738488223407
402.7333333334458, 441.44082978651943
402.76666666677914, 427.94096635763304
402.8000000001125, 399.6471500219664
402.83333333344586, 376.74258829294985
402.8666666667792, 384.59135599956613
402.9000000001126, 448.55752797079805
402.93333333344594, 585.2838449191942
402.9666666667793, 762.5646457476647
403.00000000011266, 931.1970646759416
403.033333333446, 1041.9610410210744
403.0666666667794, 1052.0265380800515
403.10000000011274, 976.9074860000723
403.1333333334461, 863.3552871356399
403.16666666677946, 758.4174319660489
403.2000000001128, 706.6770544988678
403.2333333334462, 713.28413559548
403.26666666677954, 751.6684369629153
403.3000000001129, 794.360894618535
403.33333333344626, 814.3980210922844
403.3666666667796, 801.2841359235272
403.400000000113, 764.2358030439498
403.43333333344634, 713.6306357481186
403.4666666667797, 659.8131918032589
403.50000000011306, 610.086813577727
403.5333333334464, 566.3043320512152
403.5666666667798, 529.7516189747555
403.60000000011314, 501.7133948847995
403.6333333334465, 482.69171253922406
403.66666666677986, 471.04522411581604
403.7000000001132, 464.7689592051833
403.7333333334466, 461.8579473979332
403.76666666677994, 460.9293528642484
403.8000000001133, 463.2665201622927
403.83333333344666, 470.8668744486663
403.86666666678, 485.7278489715815
403.9000000001134, 508.8733133791192
403.93333333344674, 534.711402019913
403.9666666667801, 554.8975526543984
404.00000000011346, 561.078173505461
404.0333333334468, 546.9139058951072
404.0666666667802, 528.697592879046
404.10000000011354, 536.9599812421135
404.1333333334469, 602.4533060916517
404.16666666678026, 751.9192462188871
404.2000000001136, 930.2772735055621
404.233333333447, 1006.0264991233296
404.26666666678034, 844.737427271674
404.3000000001137, 318.1054975968381
404.33333333344706, -427.5707090441292
404.3666666667804, -866.594512053828
404.4000000001138, -445.49632924941943
404.43333333344714, 1385.8871904104155
404.4666666667805, 4671.26630836715
404.50000000011386, 8407.58204883845
404.5333333334472, 11462.197610890345
404.5666666667806, 12702.655958581234
404.60000000011394, 11459.982204846481
404.6333333334473, 8531.676726107366
404.66666666678066, 5004.585128083248
404.700000000114, 1965.5530164935033
404.7333333334474, 291.04419446684824
404.76666666678074, -180.74392853587779
404.8000000001141, 68.65091324770026
404.83333333344746, 557.6019608198617
404.8666666667808, 851.4755567417589
404.9000000001142, 883.6501570649733
404.93333333344754, 760.9130859899752
404.9666666667809, 591.0683289568009
405.00000000011426, 476.1254039098666
405.0333333334476, 442.17673236741945
405.066666666781, 461.9409459947073
405.10000000011433, 507.0270485581966
405.1333333334477, 549.636166584577
405.16666666678105, 576.4568329182772
405.2000000001144, 589.1646212890623
405.2333333334478, 590.1271911141193
405.26666666678113, 581.7434394742392
405.3000000001145, 568.1994276597688
405.33333333344785, 556.402369377391
405.3666666667812, 553.4879266168426
405.4000000001146, 566.5662863253585
405.43333333344793, 596.863427964462
405.4666666667813, 632.2311060633021
405.50000000011465, 658.6727401169907
405.533333333448, 662.1923043789513
405.5666666667814, 634.8731707778054
405.60000000011473, 589.916693740647
405.6333333334481, 545.1066908564537
405.66666666678145, 518.2269797142027
405.7000000001148, 522.7529027580483
405.7333333334482, 548.9448287837847
405.76666666678153, 579.278731459631
405.8000000001149, 596.2249166043764
405.83333333344825, 585.3965495205543
405.8666666667816, 559.2448888319848
405.90000000011497, 543.8240683896023
405.93333333344833, 565.2943568129147
405.9666666667817, 645.6390897584597
406.00000000011505, 746.8860567457473
406.0333333334484, 786.1765012974835
406.06666666678177, 679.5679177504819
406.10000000011513, 350.595835142482
406.1333333334485, -74.06930301039506
406.16666666678185, -245.64998709206702
406.2000000001152, 195.91324324120774
406.23333333344857, 1604.3767425878868
406.26666666678193, 3920.5495833500654
406.3000000001153, 6424.342134638393
406.33333333344865, 8336.306978730054
406.366666666782, 8878.456182755195
406.40000000011537, 7694.205413238014
406.43333333344873, 5429.237182835648
406.4666666667821, 2875.0180799868954
406.50000000011545, 823.0072839289365
406.5333333334488, -150.54609081753688
406.56666666678217, -247.73461004349474
406.60000000011553, 153.4459267684215
406.6333333334489, 674.999720135572
406.66666666678225, 993.4887727104199
406.7000000001156, 1089.4429058140736
406.73333333344897, 1048.6293122606253
406.7666666667823, 956.9172319441625
406.8000000001157, 890.9083852236079
406.83333333344905, 845.8267167995226
406.8666666667824, 774.68981098887
406.90000000011577, 630.1572197700236
406.9333333334491, 375.71182066105536
406.9666666667825, 133.7648825764776
407.00000000011585, 147.54434310567729
407.0333333334492, 663.2990448516462
407.06666666678257, 1913.540673334997
407.1000000001159, 3751.4756881186327
407.1333333334493, 5612.067029442591
407.16666666678265, 6908.729500920061
407.200000000116, 7061.492241557073
407.23333333344937, 5925.861320559775
407.2666666667827, 4055.5259869508936
407.3000000001161, 2067.0293596324154
407.33333333344945, 576.0310750330663
407.3666666667828, -49.91448888992761
407.40000000011617, -30.15366051332819
407.4333333334495, 331.1167097542257
407.4666666667829, 729.703274605843
407.50000000011624, 932.1741541160859
407.5333333334496, 957.6061636972097
407.56666666678296, 881.3768984484329
407.6000000001163, 778.8639534689743
407.6333333334497, 714.2133587467114
407.66666666678304, 690.3327022753002
407.7000000001164, 689.361000914534
407.73333333344976, 693.4204711330708
407.7666666667831, 686.4853637541469
407.8000000001165, 668.2786562820701
407.83333333344984, 646.4776977717619
407.8666666667832, 628.8211008570391
407.90000000011656, 622.4311079946538
407.9333333334499, 625.8003958822825
407.9666666667833, 631.0694576824355
408.00000000011664, 630.2313391707426
408.03333333345, 615.5613507943718
408.06666666678336, 586.5731835013919
408.1000000001167, 550.4595214495586
408.1333333334501, 514.7835324795207
408.16666666678344, 487.0782794929081
408.2000000001168, 473.13078259927556
408.23333333345016, 476.0557842874723
408.2666666667835, 498.74209223740525
408.3000000001169, 544.0551051156993
408.33333333345024, 609.8453718208032
408.3666666667836, 682.7489351231916
408.40000000011696, 747.8804484095501
408.4333333334503, 790.3554119323186
408.4666666667837, 799.8154903873836
408.50000000011704, 781.0055902821896
408.5333333334504, 741.8170869981969
408.56666666678376, 690.1413559168665
408.6000000001171, 633.5419296109403
408.6333333334505, 577.9263135299062
408.66666666678384, 528.6803287619349
408.7000000001172, 491.18960189216995
408.73333333345056, 469.9456046466576
408.7666666667839, 462.49668893194587
408.8000000001173, 463.14328486144126
408.83333333345064, 466.16735130142723
408.866666666784, 466.20143099335644
408.90000000011736, 462.2544769074172
408.9333333334507, 456.3086927366708
408.9666666667841, 450.40302096200264
409.00000000011744, 446.51926816264614
409.0333333334508, 445.38604424444776
409.06666666678416, 446.51170544264056
409.1000000001175, 449.3540621570652
409.1333333334509, 453.3619191046863
409.16666666678424, 457.5723207864057
409.2000000001176, 460.44873202737773
409.23333333345096, 460.412129354199
409.2666666667843, 455.8968944659867
409.3000000001177, 447.185796657541
409.33333333345104, 438.2801388050772
409.3666666667844, 433.6269852592378
409.40000000011776, 437.67157744571455
409.4333333334511, 452.5215931278077
409.4666666667845, 473.3645312127234
409.50000000011784, 494.1133703297191
409.5333333334512, 508.6810891080521
409.56666666678456, 512.7927507683476
409.6000000001179, 510.2083078432379
409.6333333334513, 506.9139528310683
409.66666666678464, 508.89595955040795
409.700000000118, 520.7951801124965
409.73333333345136, 538.2272739295743
409.7666666667847, 553.0961107389128
409.8000000001181, 557.294116284096
409.83333333345144, 543.7661443439014
409.8666666667848, 516.489362973052
409.90000000011815, 486.02641780881635
409.9333333334515, 463.0281036340659
409.9666666667849, 457.5302756890453
410.00000000011823, 468.78816091929525
410.0333333334516, 486.8679938217301
410.06666666678495, 501.54194512120927
410.1000000001183, 502.8271025936584
410.1333333334517, 488.8989564358742
410.16666666678503, 467.80387429903556
410.2000000001184, 448.1795385426607
410.23333333345175, 438.60033382832046
410.2666666667851, 442.4688437317306
410.3000000001185, 454.26206438515294
410.33333333345183, 467.572117534145
410.3666666667852, 475.99772661027504
410.40000000011855, 475.6275170411305
410.4333333334519, 468.7709309330364
410.4666666667853, 458.6929837246135
410.50000000011863, 448.6586971220787
410.533333333452, 442.2780075304294
410.56666666678535, 444.4332517680203
410.6000000001187, 460.3001069247632
410.6333333334521, 495.05425009057
410.66666666678543, 551.2854032793184
410.7000000001188, 617.3543655524686
410.73333333345215, 676.7539739998364
410.7666666667855, 712.9728072739347
410.80000000011887, 711.907869523114
410.83333333345223, 679.5906761486718
410.8666666667856, 632.0791902359553
410.90000000011895, 585.5045919461046
410.9333333334523, 554.9654316884375
410.96666666678567, 541.8196030185983
411.00000000011903, 537.659230343149
411.0333333334524, 533.8679592325958
411.06666666678575, 522.1484080962828
411.1000000001191, 501.5825319606908
411.13333333345247, 478.6555690780977
411.16666666678583, 460.17651987711196
411.2000000001192, 452.86131195682964
411.23333333345255, 459.0062456153488
411.2666666667859, 474.65422245168855
411.30000000011927, 495.3744117162931
411.33333333345263, 516.7416806998134
411.366666666786, 535.1194401273061
411.40000000011935, 548.4589835471927
411.4333333334527, 554.9021700823495
411.46666666678607, 552.5910047431761
411.5000000001194, 539.830642910604
411.5333333334528, 515.4019357850966
411.56666666678615, 478.1719615473866
411.6000000001195, 427.0077983782063
411.63333333345287, 367.76092609567684
411.6666666667862, 336.26614769781395
411.7000000001196, 376.4024275773711
411.73333333345295, 532.0488280886303
411.7666666667863, 831.4577759041775
411.80000000011967, 1203.289432986665
411.833333333453, 1537.1076108270192
411.8666666667864, 1722.3835943422014
411.90000000011975, 1662.41968686322
411.9333333334531, 1394.8869331648896
411.96666666678647, 1033.055262652583
412.0000000001198, 691.0384732464463
412.0333333334532, 477.2356474486881
412.06666666678655, 410.56111719507305
412.1000000001199, 438.95196356191485
412.13333333345327, 508.3944609820831
412.1666666667866, 565.9223806788501
412.20000000012, 587.8582106527368
412.23333333345334, 583.0286809996119
412.2666666667867, 561.9533120303181
412.30000000012006, 535.1056631170483
412.3333333334534, 510.1734721621074
412.3666666667868, 490.51018049089066
412.40000000012014, 479.0944782296237
412.4333333334535, 478.895700646804
412.46666666678686, 491.0005682118093
412.5000000001202, 512.3438069117459
412.5333333334536, 539.3057711461963
412.56666666678694, 568.26692564627
412.6000000001203, 595.9123121406243
412.63333333345366, 619.8960937609833
412.666666666787, 638.0647539456727
412.7000000001204, 648.264776133018
412.73333333345374, 648.4322965145689
412.7666666667871, 636.9206011619508
412.80000000012046, 612.2042111993934
412.8333333334538, 572.7576610952668
412.8666666667872, 518.7371414979326
412.90000000012054, 461.84900297300345
412.9333333334539, 418.65164167346245
412.96666666678726, 405.72018309931724
413.0000000001206, 439.09875290091384
413.033333333454, 529.2858122837627
413.06666666678734, 683.4789019771836
413.1000000001207, 908.8317502543955
413.13333333345406, 1209.7693670808633
413.1666666667874, 1544.7571994104749
413.2000000001208, 1834.058807111254
413.23333333345414, 1996.7772097991615
413.2666666667875, 1954.7247306322365
413.30000000012086, 1711.5496888751095
413.3333333334542, 1365.3219649440018
413.3666666667876, 1019.354014108173
413.40000000012094, 776.0973568475473
413.4333333334543, 681.0302880426291
413.46666666678766, 688.121463101556
413.500000000121, 743.0813349912296
413.5333333334544, 791.7049399700543
413.56666666678774, 798.8613289020793
413.6000000001211, 772.5513671227246
413.63333333345446, 726.7021310902708
413.6666666667878, 675.2397572319106
413.7000000001212, 628.8391407183888
413.73333333345454, 587.6469827434597
413.7666666667879, 549.6827657792109
413.80000000012126, 512.9659722977299
413.8333333334546, 477.16448404443827
413.866666666788, 449.68481015574747
413.90000000012134, 440.20240555906537
413.9333333334547, 458.3930191407181
413.96666666678806, 508.9991017604736
414.0000000001214, 562.8820348037854
414.0333333334548, 576.6711904116908
414.06666666678814, 506.9468864178532
414.1000000001215, 321.7016897143754
414.13333333345486, 106.86708592531505
414.1666666667882, 18.008318803080385
414.2000000001216, 211.5928151840367
414.23333333345494, 829.492283145895
414.2666666667883, 1773.736634560572
414.30000000012166, 2750.1021623439374
414.333333333455, 3458.5971605978866
414.3666666667884, 3608.1012884534302
414.40000000012174, 3163.184500031955
414.4333333334551, 2376.5901098421923
414.46666666678846, 1516.4585532725123
414.5000000001218, 848.6813711269542
414.5333333334552, 502.89613382407225
414.56666666678854, 396.7840692067906
414.6000000001219, 429.7041684051426
414.63333333345525, 501.1888046512531
414.6666666667886, 543.1815235114607
414.700000000122, 557.9135594432403
414.73333333345533, 556.8202714811282
414.7666666667887, 551.3353516653818
414.80000000012205, 549.8174303783783
414.8333333334554, 551.1802903698767
414.8666666667888, 552.5303912990812
414.90000000012213, 550.9741928251964
414.9333333334555, 544.5635472322626
414.96666666678885, 535.5177857313599
415.0000000001222, 527.2042326921875
415.0333333334556, 522.9902478802762
415.06666666678893, 525.3205715446156
415.1000000001223, 530.7621061182482
415.13333333345565, 533.575129783998
415.166666666789, 528.0144731909498
415.2000000001224, 510.43887733285237
415.23333333345573, 497.0221228389419
415.2666666667891, 514.8149203260308
415.30000000012245, 590.9800709004794
415.3333333334558, 749.3348229921913
415.3666666667892, 964.930014643226
415.40000000012253, 1175.926494095154
415.4333333334559, 1319.5729947351447
415.46666666678925, 1335.5887571464925
415.5000000001226, 1224.1228468020076
415.53333333345597, 1047.829371143278
415.56666666678933, 872.2481365579747
415.6000000001227, 762.1616568507313
415.63333333345605, 746.4442865322812
415.6666666667894, 803.1936984649203
415.70000000012277, 906.6642116550481
415.73333333345613, 1031.136517438042
415.7666666667895, 1154.1136774410393
415.80000000012285, 1259.3739915625044
415.8333333334562, 1331.419110957771
415.86666666678957, 1354.7633775296351
415.90000000012293, 1322.110733881713
415.9333333334563, 1248.4300484977275
415.96666666678965, 1152.4380813815728
416.000000000123, 1052.8515859147933
416.03333333345637, 964.8472554415047
416.06666666678973, 889.9616124616666
416.1000000001231, 826.4464129757328
416.13333333345645, 772.553412984157
416.1666666667898, 726.8667836497611
416.20000000012317, 689.7976308725819
416.2333333334565, 662.3813876817769
416.2666666667899, 645.6540278812066
416.30000000012325, 640.184653778704
416.3333333334566, 642.8304352165816
416.36666666678997, 648.676724852646
416.4000000001233, 652.7979207346782
416.4333333334567, 650.5814326188857
416.46666666679005, 641.1364520765392
416.5000000001234, 626.0133387539225
416.53333333345677, 606.8049747458507
416.5666666667901, 585.1382804168976
416.6000000001235, 563.2825703873414
416.63333333345685, 544.0800217934811
416.6666666667902, 530.3928864598494
416.70000000012357, 524.9794448527165
416.7333333334569, 527.1461911057073
416.7666666667903, 532.029946184221
416.80000000012365, 534.5183735988319
416.833333333457, 529.562767985388
416.86666666679037, 516.5968267908906
416.9000000001237, 502.4136812449202
416.9333333334571, 494.49022344181617
416.96666666679045, 500.28679694586543
417.0000000001238, 523.5885686461955
417.03333333345716, 559.8973877964988
417.0666666667905, 603.5812582063805
417.1000000001239, 649.0081282649389
417.13333333345724, 690.4158031654443
417.1666666667906, 721.6335574489094
417.20000000012396, 736.410713618679
417.2333333334573, 728.4965941780966
417.2666666667907, 695.066300096455
417.30000000012404, 648.4433186793235
417.3333333334574, 605.136864339104
417.36666666679076, 581.6562928526857
417.4000000001241, 591.4079447265459
417.4333333334575, 628.3559174120891
417.46666666679084, 678.9504960003471
417.5000000001242, 729.62580357843
417.53333333345756, 767.6426519202411
417.5666666667909, 787.7447316704622
417.6000000001243, 788.6540365457606
417.63333333345764, 769.1293716576365
417.666666666791, 728.50987957843
417.70000000012436, 674.0214776378326
417.7333333334577, 618.5779972476912
417.7666666667911, 575.219055167212
417.80000000012444, 556.2925234638855
417.8333333334578, 559.0653286111977
417.86666666679116, 566.1702120962191
417.9000000001245, 559.6375481666553
417.9333333334579, 522.1977487937149
417.96666666679124, 464.00548630110256
418.0000000001246, 430.96265517228846
418.03333333345796, 471.3725226392465
418.0666666667913, 632.9624614179704
418.1000000001247, 913.512987080944
418.13333333345804, 1222.9336208044626
418.1666666667914, 1462.2058060600543
418.20000000012476, 1532.490827020341
418.2333333334581, 1389.329517290347
418.2666666667915, 1118.7536343410443
418.30000000012484, 825.9646006631971
418.3333333334582, 616.1566674626387
418.36666666679156, 559.2789857859877
418.4000000001249, 608.307382524182
418.4333333334583, 691.9824715238236
418.46666666679164, 739.0448666315151
418.500000000125, 699.0899909222121
418.53333333345836, 618.3177800698115
418.5666666667917, 570.8805477757701
418.6000000001251, 630.9334326130851
418.63333333345844, 854.7670831343503
418.6666666667918, 1182.4439403160993
418.70000000012516, 1507.5313188252394
418.7333333334585, 1723.4736449860402
418.7666666667919, 1735.9095027707472
418.80000000012524, 1564.141785898611
418.8333333334586, 1289.3513491452159
418.86666666679196, 993.3394429837593
418.9000000001253, 754.7018387329439
418.9333333334587, 607.578947576278
418.96666666679204, 553.5992649650829
419.0000000001254, 593.6480397029571
419.03333333345876, 727.2413882086543
419.0666666667921, 923.7850104263664
419.1000000001255, 1123.3212730574498
419.13333333345884, 1264.6728566321412
419.1666666667922, 1287.9254322305424
419.20000000012556, 1182.2075168886215
419.2333333334589, 1000.3236922560427
419.2666666667923, 799.33086831191
419.30000000012564, 636.0076297872937
419.333333333459, 543.9689157142631
419.36666666679236, 516.6135700656868
419.4000000001257, 543.3227348611039
419.4333333334591, 613.4518834429189
419.46666666679243, 709.4715681628126
419.5000000001258, 797.7134775125649
419.53333333345915, 842.1997586433966
419.5666666667925, 806.9615243377799
419.6000000001259, 683.2562646981899
419.63333333345923, 549.6332801806695
419.6666666667926, 502.10040397196894
419.70000000012595, 636.6654692588389
419.7333333334593, 1013.8287599874259
419.7666666667927, 1536.8991359659237
419.80000000012603, 2065.7012422746816
419.8333333334594, 2460.0582058772757
419.86666666679275, 2604.214368790763
419.9000000001261, 2532.4148538990853
419.9333333334595, 2335.8200448299813
419.96666666679283, 2105.6992344316086
420.0000000001262, 1926.7776597363427
420.03333333345955, 1827.1052685828506
420.0666666667929, 1805.669467091436
420.1000000001263, 1861.2210097360553
420.13333333345963, 1989.5407401966843
420.166666666793, 2148.978887747191
420.20000000012635, 2272.281644570964
420.2333333334597, 2291.6980527954106
420.26666666679307, 2143.434868645044
420.30000000012643, 1840.2379422714948
420.3333333334598, 1464.115825947692
420.36666666679315, 1099.5749537336628
420.4000000001265, 829.4636424582603
420.43333333345987, 682.938245382277
420.46666666679323, 625.0663140040635
420.5000000001266, 617.1574708304041
420.53333333345995, 620.7766767369808
420.5666666667933, 613.5818616501917
420.60000000012667, 598.6297862439517
420.63333333346003, 581.2160823145774
420.6666666667934, 566.6209864502667
420.70000000012675, 557.5984427573931
420.7333333334601, 551.5910718189804
420.76666666679347, 545.3706740035319
420.80000000012683, 535.7124385435117
420.8333333334602, 522.3687154668731
420.86666666679355, 513.5251673409633
420.9000000001269, 518.8503660829887
420.93333333346027, 548.0128743858861
420.9666666667936, 604.955074431825
421.000000000127, 671.5152204785334
421.03333333346035, 724.1987351298932
421.0666666667937, 739.5110409897869
421.10000000012707, 700.3144823502431
421.1333333334604, 623.0556398939235
421.1666666667938, 535.2310515764982
421.20000000012715, 464.34393589287606
421.2333333334605, 433.9663991028877
421.26666666679387, 438.982341483506
421.3000000001272, 461.55903959340515
421.3333333334606, 483.80675695645095
421.36666666679395, 489.4262617212621
421.4000000001273, 478.50629751898003
421.43333333346067, 460.7891914806276
421.466666666794, 446.14148320109666
421.5000000001274, 443.7868859737146
421.53333333346075, 453.236285129489
421.5666666667941, 466.47511696993666
421.60000000012747, 475.2924151324761
421.6333333334608, 472.02752460075914
421.6666666667942, 461.9846879732691
421.70000000012755, 463.60635046392014
421.7333333334609, 495.91993154885125
421.76666666679426, 577.3969510082078
421.8000000001276, 703.9303103531918
421.833333333461, 841.5098533729151
421.86666666679434, 954.0682918324644
421.9000000001277, 1005.801309763655
421.93333333346106, 982.8547350048206
421.9666666667944, 909.5197746129572
422.0000000001278, 813.9030953404233
422.03333333346114, 724.0745744243156
422.0666666667945, 659.1264674140546
422.10000000012786, 617.5086729633658
422.1333333334612, 594.7806487752217
422.1666666667946, 586.5021709994313
422.20000000012794, 588.8303581835721
422.2333333334613, 599.7599181302412
422.26666666679466, 617.6377646056355
422.300000000128, 640.8108113759523
422.3333333334614, 666.938428482271
422.36666666679474, 690.8241546624694
422.4000000001281, 706.5301498086042
422.43333333346146, 708.118572396083
422.4666666667948, 693.8763160701878
422.5000000001282, 685.8621888340301
422.53333333346154, 714.4428510634025
422.5666666667949, 809.993677674096
422.60000000012826, 995.1040095916297
422.6333333334616, 1232.3751530144266
422.666666666795, 1456.5344030416738
422.70000000012834, 1602.1549763845144
422.7333333334617, 1610.240465294728
422.76666666679506, 1491.1650911001502
422.8000000001284, 1297.6283638158432
422.8333333334618, 1082.9336605066749
422.86666666679514, 898.2191069646541
422.9000000001285, 760.6723080551463
422.93333333346186, 660.5284895423054
422.9666666667952, 587.2806741505599
423.0000000001286, 530.6777528115848
423.03333333346194, 486.6557009224535
423.0666666667953, 457.51022551610663
423.10000000012866, 445.82743946616165
423.133333333462, 454.1601794353835
423.1666666667954, 483.6960779452867
423.20000000012874, 533.8067536345238
423.2333333334621, 603.7380795038852
423.26666666679546, 692.6781141070657
423.3000000001288, 795.0743389478018
423.3333333334622, 897.1834010340752
423.36666666679554, 984.4487093192961
423.4000000001289, 1042.3553027066996
423.43333333346226, 1065.7755136265416
423.4666666667956, 1070.8087944579968
423.500000000129, 1076.4711167447158
423.53333333346234, 1101.7706632429035
423.5666666667957, 1154.7627360689833
423.60000000012906, 1210.7573085423178
423.6333333334624, 1238.9714101855832
423.6666666667958, 1208.622070532931
423.70000000012914, 1101.5947064644354
423.7333333334625, 950.301259265523
423.76666666679586, 799.7486516606829
423.8000000001292, 694.9438063744046
423.8333333334626, 670.4819924878668
423.86666666679594, 705.3970613204344
423.9000000001293, 760.2640976468967
423.93333333346266, 795.6458947616514
423.966666666796, 777.7324465662925
424.0000000001294, 713.2193448622199
424.03333333346274, 626.5416479013955
424.0666666667961, 542.2095671321258
424.10000000012946, 482.72073054109535
424.1333333334628, 450.67527342464587
424.1666666667962, 437.323294705978
424.20000000012953, 433.7825651233461
424.2333333334629, 431.63010615899094
424.26666666679625, 428.8716327646693
424.3000000001296, 428.24443747185495
424.333333333463, 432.5956124144213
424.36666666679633, 444.55039221749973
424.4000000001297, 462.12222181332197
424.43333333346305, 478.97005433677026
424.4666666667964, 488.5824981636429
424.5000000001298, 484.76302700377005
424.53333333346313, 471.78726776935974
424.5666666667965, 466.5917797650638
424.60000000012985, 486.870692930698
424.6333333334632, 549.9257590903959
424.6666666667966, 649.473866530861
424.70000000012993, 742.6510928669447
424.7333333334633, 783.4439407391601
424.76666666679665, 726.1955776748957
424.80000000013, 573.4144977111042
424.8333333334634, 423.9763477751534
424.86666666679673, 388.23316680088
424.9000000001301, 576.3898198932567
424.93333333346345, 1027.670387508836
424.9666666667968, 1596.5546783602033
425.00000000013017, 2107.8490613011013
425.03333333346353, 2386.3674040462693
425.0666666667969, 2317.092160123684
425.10000000013025, 1990.66094075246
425.1333333334636, 1541.6129675843079
425.16666666679697, 1104.4874622709417
425.20000000013033, 789.4568976789094
425.2333333334637, 596.7300493225492
425.26666666679705, 495.51013777782873
425.3000000001304, 454.99859682210075
425.33333333346377, 446.5568266861103
425.36666666679713, 454.4564315443789
425.4000000001305, 467.7448960314403
425.43333333346385, 475.4774082254111
425.4666666667972, 468.38557363077155
425.50000000013057, 450.6145823700905
425.53333333346393, 432.7470101515541
425.5666666667973, 425.40611346792343
425.60000000013065, 437.5771868465843
425.633333333464, 460.346930092249
425.66666666679737, 473.7749825982368
425.70000000013073, 457.75922696789337
425.7333333334641, 395.1245207666154
425.76666666679745, 313.7881177909752
425.8000000001308, 277.05459379622164
425.83333333346417, 349.17867437786805
425.8666666667975, 591.2453944685402
425.9000000001309, 992.0638904490431
425.93333333346425, 1468.514019539495
425.9666666667976, 1934.3752726775817
426.00000000013097, 2304.345970892029
426.0333333334643, 2526.552079809399
426.0666666667977, 2591.2620255512247
426.10000000013105, 2491.4354053835177
426.1333333334644, 2220.5711945971993
426.16666666679777, 1807.5156927041087
426.2000000001311, 1337.6923279436594
426.2333333334645, 901.6066210439017
426.26666666679785, 589.4560605536353
426.3000000001312, 446.3677861405338
426.33333333346457, 425.3919151888716
426.3666666667979, 468.33651321788096
426.4000000001313, 517.0454003179801
426.43333333346465, 531.70143281546
426.466666666798, 520.6812061439414
426.50000000013137, 500.1832472817771
426.5333333334647, 486.4055433393375
426.5666666667981, 491.4081787157456
426.60000000013144, 513.1437230270312
426.6333333334648, 546.5609036310984
426.66666666679816, 586.6084478858509
426.7000000001315, 626.7070414752008
426.7333333334649, 653.4856121969253
426.76666666679824, 651.6867755306564
426.8000000001316, 606.0530732859346
426.83333333346496, 509.1599257308653
426.8666666667983, 399.08113203165
426.9000000001317, 330.27666931880975
426.93333333346504, 357.228287408324
426.9666666667984, 531.4088458385202
427.00000000013176, 881.2479437153954
427.0333333334651, 1424.5232113785437
427.0666666667985, 2178.9546887511983
427.10000000013184, 3145.8617108361304
427.1333333334652, 4158.176024829563
427.16666666679856, 4949.909947695622
427.2000000001319, 5253.813469498089
427.2333333334653, 4827.058244036102
427.26666666679864, 3771.9582541206332
427.300000000132, 2446.51502486007
427.33333333346536, 1214.7545038455746
427.3666666667987, 427.05306624487275
427.4000000001321, 157.50248581045764
427.43333333346544, 223.33945089262653
427.4666666667988, 432.04345899587304
427.50000000013216, 594.578448308371
427.5333333334655, 629.1299930426736
427.5666666667989, 578.7333710497817
427.60000000013224, 493.4595402328062
427.6333333334656, 422.9038589123973
427.66666666679896, 392.2577331240097
427.7000000001323, 391.0884291664588
427.7333333334657, 406.1424265977515
427.76666666679904, 424.2060578313785
427.8000000001324, 436.0397158740905
427.83333333346576, 439.70332466724807
427.8666666667991, 434.03985576289045
427.9000000001325, 417.9056009330299
427.93333333346584, 393.58992495904954
427.9666666667992, 371.3651134740766
428.00000000013256, 362.63554076157476
428.0333333334659, 378.8015727427265
428.0666666667993, 426.0304649974689
428.10000000013264, 494.9671704582879
428.133333333466, 573.3920379137195
428.16666666679936, 649.0854194340635
428.2000000001327, 710.6260292849905
428.2333333334661, 749.6338592574712
428.26666666679944, 758.4529739351498
428.3000000001328, 729.4274379016704
428.33333333346616, 659.1101481862074
428.3666666667995, 564.688792463151
428.4000000001329, 469.6647019151471
428.43333333346624, 397.54081582795857
428.4666666667996, 367.6638105839626
428.50000000013296, 373.05574488967085
428.5333333334663, 396.46336213140705
428.5666666667997, 420.6099104209347
428.60000000013304, 430.02467673142496
428.6333333334664, 424.1625221753472
428.66666666679976, 409.8394818621625
428.7000000001331, 393.9233956163838
428.7333333334665, 382.83934282728694
428.76666666679984, 378.15626258850347
428.8000000001332, 378.4429399963071
428.83333333346656, 382.22380070987083
428.8666666667999, 388.0668840101837
428.9000000001333, 395.1916464603887
428.93333333346663, 403.3184083353452
428.9666666668, 412.180339335435
429.00000000013335, 421.3733618631426
429.0333333334667, 427.5941488562216
429.0666666668001, 424.77631896017874
429.10000000013343, 406.74350232686754
429.1333333334668, 367.8242758921539
429.16666666680015, 318.29769091543864
429.2000000001335, 287.2550350482151
429.2333333334669, 304.8697853993477
429.26666666680023, 400.65252671818996
429.3000000001336, 570.0351784337485
429.33333333346695, 758.6654205622384
429.3666666668003, 908.2447769441296
429.4000000001337, 960.8582056670178
429.43333333346703, 895.3638041864598
429.4666666668004, 757.372335057475
429.50000000013375, 599.5505636213702
429.5333333334671, 474.4695762738415
429.5666666668005, 412.84762319319566
429.60000000013383, 395.8524247299628
429.6333333334672, 397.82238809839845
429.66666666680055, 393.1109736891795
429.7000000001339, 370.0056019508371
429.7333333334673, 356.5207924927119
429.76666666680063, 387.7046235804585
429.800000000134, 498.60445359674424
429.83333333346735, 704.7913064853775
429.8666666668007, 951.572109570575
429.90000000013407, 1168.4140050605295
429.93333333346743, 1284.7841351634336
429.9666666668008, 1249.7441286756718
430.00000000013415, 1102.0381928855963
430.0333333334675, 906.0534355107819
430.06666666680087, 726.178994203064
430.10000000013423, 616.3468407148196
430.1333333334676, 569.6500345685573
430.16666666680095, 557.2376563465223
430.2000000001343, 550.2292990052223
430.23333333346767, 524.0814697912558
430.26666666680103, 486.5445150904836
430.3000000001344, 459.9379518473794
430.33333333346775, 466.6520795965527
430.3666666668011, 523.7195144581301
430.40000000013447, 596.4755221582092
430.43333333346783, 621.3252286229846
430.4666666668012, 534.3563353477873
430.50000000013455, 283.8487316997266
430.5333333334679, -26.547616354698732
430.56666666680127, -186.0646401853619
430.6000000001346, 18.18719780512305
430.633333333468, 781.6815793857245
430.66666666680135, 1998.6129496305284
430.7000000001347, 3308.5034762656433
430.73333333346807, 4342.863471557394
430.7666666668014, 4745.367202707585
430.8000000001348, 4456.813802561119
430.83333333346815, 3725.100585791839
430.8666666668015, 2812.2841668318706
430.90000000013487, 1976.9995030549387
430.9333333334682, 1352.9246587094572
430.9666666668016, 915.929036235109
431.00000000013495, 631.7776084404004
431.0333333334683, 466.2711253311249
431.06666666680167, 387.33903416735916
431.100000000135, 366.19999167783965
431.1333333334684, 374.35440026069944
431.16666666680175, 383.4169642496584
431.2000000001351, 377.7155438254554
431.23333333346847, 365.6895702025164
431.2666666668018, 358.469572229629
431.3000000001352, 367.16643323387575
431.33333333346854, 397.6772760403452
431.3666666668019, 443.7036883736811
431.40000000013526, 497.2061948555667
431.4333333334686, 550.1456082427611
431.466666666802, 594.7916869175431
431.50000000013534, 624.3106226693995
431.5333333334687, 632.0302753902725
431.56666666680206, 611.2786515554552
431.6000000001354, 559.7059668372849
431.6333333334688, 490.60251710108395
431.66666666680214, 420.79506237
431.7000000001355, 367.1103626671807
431.73333333346886, 342.3642477967123
431.7666666668022, 341.23518537285145
431.8000000001356, 353.2773427690135
431.83333333346894, 368.0445775957285
431.8666666668023, 376.42038814196184
431.90000000013566, 376.8121445146299
431.933333333469, 370.2707413218516
431.9666666668024, 357.84996958614096
432.00000000013574, 341.4473902953248
432.0333333334691, 328.96706843803565
432.06666666680246, 330.9179549742541
432.1000000001358, 357.8195300515824
432.1333333334692, 416.32399123749167
432.16666666680254, 478.110985806776
432.2000000001359, 496.28093679876207
432.23333333346926, 423.762801239424
432.2666666668026, 223.81022178097226
432.300000000136, -19.937817417946064
432.33333333346934, -146.00267026282262
432.3666666668027, 8.39937294141177
432.40000000013606, 591.9594898143815
432.4333333334694, 1536.9595588971856
432.4666666668028, 2606.207749670376
432.50000000013614, 3557.9830428920673
432.5333333334695, 4158.108103745804
432.56666666680286, 4329.5690553600325
432.6000000001362, 4143.939799014021
432.6333333334696, 3678.6210915055335
432.66666666680294, 3011.5508140877173
432.7000000001363, 2236.4946390578
432.73333333346966, 1465.2566591610098
432.766666666803, 810.6225877380634
432.8000000001364, 383.5440503536223
432.83333333346974, 213.82045307206386
432.8666666668031, 219.7490826421375
432.90000000013646, 311.5304294040707
432.9333333334698, 399.90011597269444
432.9666666668032, 434.4656924984235
433.00000000013654, 429.33542271621815
433.0333333334699, 404.69420603064026
433.06666666680326, 380.6753811271155
433.1000000001366, 370.3238134630786
433.13333333347, 372.4350708811251
433.16666666680334, 384.09816685663014
433.2000000001367, 402.4027383752628
433.23333333347006, 424.64721239491877
433.2666666668034, 448.64068167678954
433.3000000001368, 472.2688635610051
433.33333333347014, 493.41767596493764
433.3666666668035, 510.25584677945204
433.40000000013686, 521.7978431394309
433.4333333334702, 527.2155449752618
433.4666666668036, 525.6808580974467
433.50000000013694, 517.5755965494453
433.5333333334703, 507.7242910081588
433.56666666680366, 501.9709380263662
433.600000000137, 506.1595341568462
433.6333333334704, 523.6229952774407
433.66666666680374, 546.3571529493136
433.7000000001371, 563.1598345754796
433.73333333347045, 562.8286813429681
433.7666666668038, 536.9684045505949
433.8000000001372, 492.7804997779759
433.83333333347053, 442.8522015286865
433.8666666668039, 399.77585201516797
433.90000000013725, 374.37740848143596
433.9333333334706, 365.35488212671845
433.966666666804, 366.31308231405836
434.00000000013733, 370.8392853443784
434.0333333334707, 373.08914723570757
434.06666666680405, 372.0771868662396
434.1000000001374, 369.2828427686491
434.1333333334708, 366.2048494813342
434.16666666680413, 364.25302766270613
434.2000000001375, 363.8799713848354
434.23333333347085, 364.95515070736144
434.2666666668042, 367.33975341965197
434.3000000001376, 370.8864023253188
434.33333333347093, 375.32971659476993
434.3666666668043, 380.31840429181864
434.40000000013765, 385.4992303897286
434.433333333471, 390.53758181567053
434.4666666668044, 395.4344780222819
434.50000000013773, 400.4819628315726
434.5333333334711, 405.9817234708096
434.56666666680445, 412.24872583711254
434.6000000001378, 419.9205371142948
434.63333333347117, 429.9671761236476
434.66666666680453, 443.3739109851761
434.7000000001379, 461.03495464056016
434.73333333347125, 480.7371803212583
434.7666666668046, 496.46465671795323
434.80000000013797, 501.96952329817367
434.83333333347133, 491.1196179427349
434.8666666668047, 463.6608581160188
434.90000000013805, 427.88605517195674
434.9333333334714, 392.761039939319
434.96666666680477, 367.2127476770529
435.00000000013813, 356.9639752876084
435.0333333334715, 362.1930007848759
435.06666666680485, 382.526539309962
435.1000000001382, 417.5683503944162
435.13333333347157, 463.4184345206441
435.16666666680493, 508.9415435019035
435.2000000001383, 542.1077461355479
435.23333333347165, 550.9051207252156
435.266666666805, 529.7332791012644
435.30000000013837, 488.8480393157938
435.3333333334717, 440.9137020757483
435.3666666668051, 398.59172129453185
435.40000000013845, 370.7399241285103
435.4333333334718, 354.90591423176676
435.46666666680517, 346.54461473583797
435.5000000001385, 341.1109979111886
435.5333333334719, 335.2006907286365
435.56666666680525, 329.5014909512576
435.6000000001386, 325.61853093849186
435.63333333347197, 325.156943049779
435.6666666668053, 329.1839224643958
435.7000000001387, 336.43534690427265
435.73333333347205, 345.01568845348436
435.7666666668054, 353.02940808259984
435.80000000013877, 358.86649733463065
435.8333333334721, 362.4120163373778
435.8666666668055, 364.03871184698465
435.90000000013885, 364.1196003202388
435.9333333334722, 363.0038527765515
435.96666666680557, 360.8894214165433
436.0000000001389, 357.91516544891357
436.0333333334723, 354.21980802061677
436.06666666680565, 349.9874732861312
436.100000000139, 345.7527253744182
436.13333333347236, 342.2132218452661
436.1666666668057, 340.06752788054195
436.2000000001391, 339.9154223323143
436.23333333347244, 341.4214135129811
436.2666666668058, 343.73446897465027
436.30000000013916, 345.99817000757224
436.3333333334725, 347.38796300109345
436.3666666668059, 347.4533646041641
436.40000000013924, 345.9869661198026
436.4333333334726, 342.78548894579654
436.46666666680596, 337.759739403453
436.5000000001393, 332.5055574201609
436.5333333334727, 329.904757064199
436.56666666680604, 332.8715934315376
436.6000000001394, 344.08393903706104
436.63333333347276, 361.7409550758316
436.6666666668061, 380.03840272945257
436.7000000001395, 393.031098107271
436.73333333347284, 395.0561902610255
436.7666666668062, 387.4912913035297
436.80000000013956, 379.07236116125085
436.8333333334729, 378.8813085246366
436.8666666668063, 395.7140376376711
436.90000000013964, 428.6519400846075
436.933333333473, 464.9138737543347
436.96666666680636, 490.9977065883553
437.0000000001397, 493.6155882627959
437.0333333334731, 469.86894479993566
437.06666666680644, 431.68434247398244
437.1000000001398, 392.1251097824918
437.13333333347316, 364.15962880993794
437.1666666668065, 353.73710892808054
437.2000000001399, 355.08971312695905
437.23333333347324, 361.3370423407056
437.2666666668066, 365.62599869736164
437.30000000013996, 364.4958346324703
437.3333333334733, 361.12261935757897
437.3666666668067, 359.4517439518595
437.40000000014004, 363.4190214775236
437.4333333334734, 374.6259898666467
437.46666666680676, 389.3084004739547
437.5000000001401, 402.9508901136919
437.5333333334735, 411.04106985368134
437.56666666680684, 410.93737730820845
437.6000000001402, 405.0659742941733
437.63333333347356, 396.7027703125737
437.6666666668069, 389.1231144421465
437.7000000001403, 383.93228967804316
437.73333333347364, 377.3890324284423
437.766666666807, 364.68438326702034
437.80000000014036, 341.0094113355855
437.8333333334737, 306.8406737260142
437.8666666668071, 282.6939362329895
437.90000000014044, 293.83331763343375
437.9333333334738, 365.52293670426974
437.96666666680716, 503.6783319648621
438.0000000001405, 627.3292880685538
438.0333333334739, 631.1273275558833
438.06666666680724, 409.7227280610127
438.1000000001406, -78.9938490629196
438.13333333347396, -540.7407875454696
438.1666666668073, -569.8268632813729
438.2000000001407, 239.51109443179584
438.23333333347404, 2170.3416596359552
438.2666666668074, 4731.213274071689
438.30000000014076, 7129.282038710824
438.3333333334741, 8571.027678764309
438.3666666668075, 8388.434709503867
438.40000000014084, 6857.136013879342
438.4333333334742, 4682.089427581344
438.46666666680755, 2570.4184257468514
438.5000000001409, 1163.9238238759626
438.5333333334743, 516.150842077128
438.56666666680763, 369.1943388696369
438.600000000141, 462.3084434438091
438.63333333347435, 550.530843747652
438.6666666668077, 560.4472203285694
438.7000000001411, 523.9033442080955
438.73333333347443, 474.27129130263967
438.7666666668078, 443.0537847444543
438.80000000014115, 436.98276924816486
438.8333333334745, 445.2363221128618
438.8666666668079, 456.62042977788985
438.90000000014123, 460.44840054573433
438.9333333334746, 454.3372072489509
438.96666666680795, 442.68127743771936
439.0000000001413, 430.073166291444
439.0333333334747, 420.93787106596034
439.06666666680803, 416.25563441487617
439.1000000001414, 413.7749585446511
439.13333333347475, 411.1194449922476
439.1666666668081, 405.98579205959544
439.2000000001415, 397.99925865641967
439.23333333347483, 388.86198484450904
439.2666666668082, 380.37892261940084
439.30000000014155, 374.3178786294995
439.3333333334749, 371.1534216014481
439.36666666680827, 369.76253092924185
439.40000000014163, 368.92331678886495
439.433333333475, 367.4310995107733
439.46666666680835, 364.90142246485806
439.5000000001417, 362.11210829238973
439.53333333347507, 359.92921724674926
439.56666666680843, 359.2074781901105
439.6000000001418, 360.0248223369338
439.63333333347515, 361.1958426847455
439.6666666668085, 361.4192186869495
439.70000000014187, 359.4023332206315
439.73333333347523, 354.7722373994092
439.7666666668086, 348.8744933060474
439.80000000014195, 343.2429877978389
439.8333333334753, 339.41099579791774
439.86666666680867, 338.8014761599988
439.90000000014203, 342.6001706549684
439.9333333334754, 351.9620613943801
439.96666666680875, 368.0370492239237
440.0000000001421, 390.14066933218027
440.03333333347547, 413.0406506383846
440.0666666668088, 430.81203867783773
440.1000000001422, 437.53191907360474
440.13333333347555, 429.23818374715654
440.1666666668089, 407.5848850347014
440.20000000014227, 375.22521688838947
440.2333333334756, 334.81672594033085
440.266666666809, 310.0346841648715
440.30000000014235, 394.2280778991447
440.3333333334757, 695.1642226741956
440.36666666680907, 1320.610253141102
440.4000000001424, 2302.524502735917
440.4333333334758, 3381.701173793606
440.46666666680915, 4229.041999924091
440.5000000001425, 4515.4487147373
440.53333333347587, 4016.3682335521285
440.5666666668092, 2972.298277573409
440.6000000001426, 1753.0010004213268
440.63333333347595, 728.2437164474508
440.6666666668093, 197.02720904738743
440.70000000014267, 93.87496817001642
440.733333333476, 236.3030638738976
440.7666666668094, 441.77316226240913
440.80000000014275, 552.4034099242075
440.8333333334761, 557.4691310684493
440.86666666680946, 500.60921435880147
440.9000000001428, 425.54940327696767
440.9333333334762, 371.4237006287458
440.96666666680954, 345.547011402267
441.0000000001429, 341.7609537369228
441.03333333347626, 353.8587658404172
441.0666666668096, 375.1256262165285
441.100000000143, 394.7461842051172
441.13333333347634, 399.9226775019005
441.1666666668097, 377.8444418143524
441.20000000014306, 319.37790256138754
441.2333333334764, 250.1056639394335
441.2666666668098, 214.70402461274324
441.30000000014314, 258.04731680104754
441.3333333334765, 419.5319450487453
441.36666666680986, 677.7099109315111
441.4000000001432, 973.1849742734078
441.4333333334766, 1245.9846018792534
441.46666666680994, 1438.8409872167947
441.5000000001433, 1530.0857485721726
441.53333333347666, 1523.1594481820705
441.56666666681, 1422.0287910752434
441.6000000001434, 1232.1619588866713
441.63333333347674, 982.6572972699087
441.6666666668101, 721.4178288511746
441.70000000014346, 496.86714317026644
441.7333333334768, 355.2914751144042
441.7666666668102, 302.3052339214786
441.80000000014354, 307.07254192046935
441.8333333334769, 337.4676543070974
441.86666666681026, 362.15494509810134
441.9000000001436, 368.23009230540094
441.933333333477, 361.3648834072885
441.96666666681034, 348.0501863533249
442.0000000001437, 334.72072941965996
442.03333333347706, 326.1782335206607
442.0666666668104, 325.3753979176372
442.1000000001438, 335.165370208252
442.13333333347714, 358.2550526607892
442.1666666668105, 391.9324765263179
442.20000000014386, 426.59672908746086
442.2333333334772, 452.20131734220547
442.2666666668106, 458.86302534036514
442.30000000014394, 444.6157087923791
442.3333333334773, 418.79102715140556
442.36666666681066, 391.586978197462
442.400000000144, 373.1256004543951
442.4333333334774, 368.5389986661348
442.46666666681074, 374.96545334311594
442.5000000001441, 388.82436306731506
442.53333333347746, 406.5416041401275
442.5666666668108, 425.1465203795187
442.6000000001442, 442.7541906137235
442.63333333347754, 457.59318302828797
442.6666666668109, 467.8953837850966
442.70000000014426, 472.35912695211937
442.7333333334776, 470.6258943972434
442.766666666811, 462.45091396902416
442.80000000014434, 447.597519470261
442.8333333334777, 427.7072644499881
442.86666666681106, 408.69357158157936
442.9000000001444, 397.06069110935
442.9333333334778, 399.3030310610672
442.96666666681114, 417.6200343132458
443.0000000001445, 443.2117077076954
443.03333333347786, 465.54209182468924
443.0666666668112, 474.07980857488127
443.1000000001446, 462.99418112106264
443.13333333347794, 440.02394333665546
443.1666666668113, 415.34181381937987
443.20000000014466, 399.1195598058402
443.233333333478, 397.9756166488056
443.2666666668114, 406.95671225128586
443.30000000014473, 418.7579531224335
443.3333333334781, 426.0744886203743
443.36666666681145, 423.6722244557922
443.4000000001448, 413.9281150878835
443.4333333334782, 400.9673089308005
443.46666666681153, 388.9149543986961
443.5000000001449, 380.9213931907881
443.53333333347825, 376.09463012788046
443.5666666668116, 372.4950049152273
443.600000000145, 368.1828555053489
443.63333333347833, 361.73031687521325
443.6666666668117, 354.1019035205479
443.70000000014505, 346.9605960098533
443.7333333334784, 341.96945865909396
443.7666666668118, 340.39659048281527
443.80000000014513, 341.4296448386749
443.8333333334785, 343.57372269447785
443.86666666681185, 345.3335242819425
443.9000000001452, 345.4335305861723
443.9333333334786, 343.9030734151689
443.96666666681193, 341.2511696742595
444.0000000001453, 337.9875766194905
444.03333333347865, 335.20519043560444
444.066666666812, 337.90243341634766
444.10000000014537, 352.6816510839448
444.13333333347873, 386.15009593754775
444.1666666668121, 442.76673333599155
444.20000000014545, 510.7368629951069
444.2333333334788, 570.8308724939059
444.26666666681217, 603.7807425444813
444.30000000014553, 593.0447381587423
444.3333333334789, 545.4293865971111
444.36666666681225, 479.6036812004121
444.4000000001456, 414.3299935294656
444.43333333347897, 366.9269796109173
444.46666666681233, 340.68090589751654
444.5000000001457, 330.9801436605283
444.53333333347905, 333.1247990890983
444.5666666668124, 342.6287686760964
444.60000000014577, 357.37205423734
444.63333333347913, 376.7064156394489
444.6666666668125, 400.0057950816104
444.70000000014585, 426.3880347277959
444.7333333334792, 451.7306104634149
444.76666666681257, 469.6882689197775
444.80000000014593, 473.87229345459247
444.8333333334793, 458.53368629589494
444.86666666681265, 427.22170252159066
444.900000000146, 390.50589256643104
444.93333333347937, 359.12862568295265
444.9666666668127, 343.2825774303428
445.0000000001461, 343.9295772053489
445.03333333347945, 354.3732022994124
445.0666666668128, 367.6852982842598
445.10000000014617, 377.1673596260027
445.1333333334795, 380.6065110517175
445.1666666668129, 379.87321235479914
445.20000000014625, 376.98689042065195
445.2333333334796, 373.96953956939507
445.26666666681297, 372.901950353009
445.3000000001463, 375.9235683656649
445.3333333334797, 385.1763783982642
445.36666666681305, 402.6601932952127
445.4000000001464, 426.5215881390883
445.43333333347977, 450.6989704945435
445.4666666668131, 468.9174172142191
445.5000000001465, 475.0463879611098
445.53333333347985, 467.6381080841142
445.5666666668132, 450.83862286225565
445.60000000014657, 429.12237829099064
445.6333333334799, 406.97773394237754
445.6666666668133, 389.4402163361499
445.70000000014664, 382.25979382306593
445.73333333348, 391.23455130469813
445.76666666681336, 421.9790512578003
445.8000000001467, 471.2177294713904
445.8333333334801, 522.9936361518631
445.86666666681344, 560.3779311141426
445.9000000001468, 566.6568874547702
445.93333333348016, 538.1992535214061
445.9666666668135, 491.7532796514001
446.0000000001469, 445.83222804683373
446.03333333348024, 418.81003738324773
446.0666666668136, 418.17245729033044
446.10000000014696, 432.8872857116731
446.1333333334803, 450.12080011030645
446.1666666668137, 457.1014782544243
446.20000000014704, 447.48722926782983
446.2333333334804, 426.8725545753499
446.26666666681376, 402.1495881373154
446.3000000001471, 380.19498643445957
446.3333333334805, 365.6906129960335
446.36666666681384, 358.870501397832
446.4000000001472, 359.4308232106789
446.43333333348056, 367.072039876485
446.4666666668139, 382.369635544302
446.5000000001473, 407.83474227356254
446.53333333348064, 446.2378378274983
446.566666666814, 500.33080198800945
446.60000000014736, 567.0516998519901
446.6333333334807, 629.2993688148066
446.6666666668141, 667.8957058868062
446.70000000014744, 663.6850179012358
446.7333333334808, 609.2433605796799
446.76666666681416, 528.0742449537195
446.8000000001475, 448.71785567236367
446.8333333334809, 399.7027049199273
446.86666666681424, 397.881409816036
446.9000000001476, 426.5035617844449
446.93333333348096, 462.8103619213539
446.9666666668143, 484.04625362935394
447.0000000001477, 475.14290819750823
447.03333333348104, 445.18279146770607
447.0666666668144, 407.97885040800264
447.10000000014776, 377.3435661940133
447.1333333334811, 363.1298045676068
447.1666666668145, 361.61403792925967
447.20000000014784, 366.16534109675985
447.2333333334812, 370.15280756917196
447.26666666681456, 368.72129397174535
447.3000000001479, 363.65728669961453
447.3333333334813, 358.2997263129216
447.36666666681464, 355.9875533718086
447.400000000148, 360.27368336279756
447.43333333348136, 375.5832906695774
447.4666666668147, 406.56378206538983
447.5000000001481, 457.862564378289
447.53333333348144, 530.1284064165147
447.5666666668148, 606.263464469829
447.60000000014816, 664.2482856567755
447.6333333334815, 682.0632326010947
447.6666666668149, 644.4084227198769
447.70000000014824, 568.423842194546
447.7333333334816, 481.0257914235843
447.76666666681496, 409.1325658645036
447.8000000001483, 374.4207812413846
447.8333333334817, 371.06216472434113
447.86666666681504, 384.2378388805513
447.9000000001484, 399.12384533791953
447.93333333348176, 403.4646046798468
447.9666666668151, 399.64606388145506
448.0000000001485, 395.23474898246536
448.03333333348183, 397.80319062540235
448.0666666668152, 413.3061634228397
448.10000000014855, 437.6827986680011
448.1333333334819, 463.04400264919224
448.1666666668153, 481.49300126981984
448.20000000014863, 486.4760810480849
448.233333333482, 480.46817146113597
448.26666666681535, 469.66457605239174
448.3000000001487, 460.2721884410022
448.3333333334821, 457.5758999199395
448.36666666681543, 460.1306769619528
448.4000000001488, 463.5077680366173
448.43333333348215, 463.2650332638534
448.4666666668155, 455.5714220131731
448.5000000001489, 441.4397165518983
448.53333333348223, 424.1888393981874
448.5666666668156, 407.1518217911311
448.60000000014895, 393.38922199308746
448.6333333334823, 383.6155793496197
448.6666666668157, 377.348209571288
448.70000000014903, 374.0948496320039
448.7333333334824, 373.41337876528974
448.76666666681575, 375.33082784765736
448.8000000001491, 380.1304032264132
448.83333333348247, 388.09790564210437
448.86666666681583, 399.392476153601
448.9000000001492, 412.8847515161101
448.93333333348255, 426.69381497771434
448.9666666668159, 438.9293640102728
449.00000000014927, 447.76512111260075
449.03333333348263, 452.08345690227236
449.066666666816, 451.20755977764935
449.10000000014935, 444.4672632647979
449.1333333334827, 431.5089110703105
449.16666666681607, 415.7935013321139
449.20000000014943, 403.30886881008996
449.2333333334828, 400.08801814856366
449.26666666681615, 411.6695510782327
449.3000000001495, 437.0975574410864
449.33333333348287, 470.8417309576136
449.36666666681623, 507.2762345594165
449.4000000001496, 540.8032669676664
449.43333333348295, 566.2268603579389
449.4666666668163, 578.651586186058
449.50000000014967, 573.1892555616602
449.53333333348303, 545.5049861121591
449.5666666668164, 499.92744813471154
449.60000000014975, 447.65679353364214
449.6333333334831, 400.0820216073615
449.66666666681647, 368.07172634243494
449.7000000001498, 353.5807921045937
449.7333333334832, 351.07603268093106
449.76666666681655, 354.7917019031759
449.8000000001499, 359.12354055757345
449.83333333348327, 361.4976360169381
449.8666666668166, 362.0331171175013
449.90000000015, 360.9428440003498
449.93333333348335, 358.4575232838359
449.9666666668167, 355.17536457418726
450.00000000015007, 352.039685690159
450.0333333334834, 350.00716642160376
450.0666666668168, 349.98793399379514
450.10000000015015, 351.83824575602335
450.1333333334835, 354.36976021215224
450.16666666681687, 356.34943755296064
450.2000000001502, 356.58682052341743
450.2333333334836, 354.9532947911413
450.26666666681695, 352.43001710437954
450.3000000001503, 350.0503182541965
450.33333333348367, 348.8203338022794
450.366666666817, 348.9976363194789
450.4000000001504, 350.01571622433227
450.43333333348374, 351.26572112033193
450.4666666668171, 352.1517064462027
450.50000000015046, 352.4708186071292
450.5333333334838, 352.47558699748924
450.5666666668172, 352.4439918172667
450.60000000015054, 352.66539293403696
450.6333333334839, 353.81351994983345
450.66666666681726, 357.0302247643793
450.7000000001506, 363.4856937622385
450.733333333484, 374.29130295130255
450.76666666681734, 388.34934161089944
450.8000000001507, 401.73627799345286
450.83333333348406, 410.34407424927826
450.8666666668174, 410.16398082757667
450.9000000001508, 401.3467708701413
450.93333333348414, 389.62665046788834
450.9666666668175, 381.1296561251924
451.00000000015086, 381.8799190175357
451.0333333334842, 393.12550770821036
451.0666666668176, 409.39300681201695
451.10000000015094, 424.7037148799647
451.1333333334843, 433.1466577990758
451.16666666681766, 432.3737777174988
451.200000000151, 425.2893862380752
451.2333333334844, 415.21944867392125
451.26666666681774, 405.4728158840291
451.3000000001511, 398.3441457824467
451.33333333348446, 394.56334195376695
451.3666666668178, 394.72654865634877
451.4000000001512, 399.4094216990803
451.43333333348454, 407.8147001527964
451.4666666668179, 416.93014195174646
451.50000000015126, 423.5424299494111
451.5333333334846, 424.4671583974126
451.566666666818, 418.71963595726993
451.60000000015134, 409.022988529997
451.6333333334847, 398.4568953362355
451.66666666681806, 390.08425996168586
451.7000000001514, 385.51234139980454
451.7333333334848, 383.7871021026216
451.76666666681814, 383.69421437864935
451.8000000001515, 384.02411846582885
451.83333333348486, 384.0413284131194
451.8666666668182, 383.88037677730574
451.9000000001516, 383.76902500552694
451.93333333348494, 383.9369540075677
451.9666666668183, 384.8336570309251
452.00000000015166, 387.32900173099335
452.033333333485, 392.3402545422171
452.0666666668184, 400.7778367307318
452.10000000015174, 412.6443504555212
452.1333333334851, 426.134782623908
452.16666666681846, 439.2300890076185
452.2000000001518, 449.9165970126775
452.2333333334852, 457.0105558123314
452.26666666681854, 461.047244032991
452.3000000001519, 462.7752777083642
452.33333333348526, 462.9451128152058
452.3666666668186, 462.640499851582
452.400000000152, 463.6626964172705
452.43333333348534, 467.9061207089509
452.4666666668187, 477.2505066436267
452.50000000015206, 490.4352717668723
452.5333333334854, 499.17994377651894
452.5666666668188, 494.2521284859447
452.60000000015214, 466.46416876526257
452.6333333334855, 418.0083594284423
452.66666666681886, 377.4680734815071
452.7000000001522, 377.1580261825896
452.7333333334856, 449.3121670440845
452.76666666681894, 601.5273985968911
452.8000000001523, 782.1818393500728
452.83333333348565, 930.9379022349506
452.866666666819, 987.5396685718483
452.9000000001524, 921.872084004223
452.93333333348573, 778.8385066418292
452.9666666668191, 614.817686827249
453.00000000015245, 486.141815240358
453.0333333334858, 428.1507405442013
453.0666666668192, 422.1345103324503
453.10000000015253, 440.80306739274005
453.1333333334859, 456.88255008915473
453.16666666681925, 452.11508263436605
453.2000000001526, 432.2332938313998
453.233333333486, 406.91617806326343
453.26666666681933, 385.8380892212777
453.3000000001527, 375.44614182366
453.33333333348605, 373.3217259316286
453.3666666668194, 375.53716466604504
453.4000000001528, 378.1661037583649
453.43333333348613, 378.4462544942913
453.4666666668195, 376.91349966816165
453.50000000015285, 374.68381175881177
453.5333333334862, 372.8728355770712
453.5666666668196, 372.22594258868
453.60000000015293, 372.4076210276041
453.6333333334863, 372.8861892752182
453.66666666681965, 373.1300912951584
453.700000000153, 372.7929448435163
453.73333333348637, 372.08470243104
453.76666666681973, 371.31936518366035
453.8000000001531, 370.8108678670541
453.83333333348645, 370.74311359718956
453.8666666668198, 370.8983644349891
453.90000000015317, 370.98157708730054
453.93333333348653, 370.6977947646391
453.9666666668199, 369.98204509385755
454.00000000015325, 369.49888760140476
454.0333333334866, 370.05719973602226
454.06666666681997, 372.4657246955512
454.10000000015333, 377.0371748579102
454.1333333334867, 382.4701690310114
454.16666666682005, 387.13557081787434
454.2000000001534, 389.40437542616786
454.23333333348677, 388.3424902743587
454.26666666682013, 385.3328690970071
454.3000000001535, 382.2407988012644
454.33333333348685, 380.931470070511
454.3666666668202, 382.51949858957033
454.40000000015357, 385.5580383716549
454.4333333334869, 388.0543049531281
454.4666666668203, 388.01559969081706
454.50000000015365, 384.47849747348295
454.533333333487, 380.07054561934854
454.56666666682037, 378.2019416066011
454.6000000001537, 382.2828215663935
454.6333333334871, 394.5346754525769
454.66666666682045, 412.94437117123186
454.7000000001538, 434.5561709329274
454.73333333348717, 456.4143530138116
454.7666666668205, 476.09883852712454
454.8000000001539, 493.13583526424327
454.83333333348725, 507.49347245539303
454.8666666668206, 519.139872853923
454.90000000015397, 527.6391189321366
454.9333333334873, 531.059711108928
454.9666666668207, 527.1241810649973
455.00000000015405, 513.5550719568575
455.0333333334874, 489.58115042241263
455.06666666682077, 460.1041497731183
455.1000000001541, 431.36114564521085
455.1333333334875, 409.5892088176908
455.16666666682084, 399.42250173726586
455.2000000001542, 399.3597848273443
455.23333333348756, 406.43207533677315
455.2666666668209, 417.67039087686993
455.3000000001543, 430.5146026354324
455.33333333348764, 443.99309783487894
455.366666666821, 457.5200024668062
455.40000000015436, 470.50944253119513
455.4333333334877, 482.4389171479659
455.4666666668211, 493.0355529572431
455.50000000015444, 502.08793192654565
455.5333333334878, 509.38463602318814
455.56666666682116, 514.4745059208083
455.6000000001545, 515.9501431356571
455.6333333334879, 512.1657689627981
455.66666666682124, 501.47560469729467
455.7000000001546, 483.2223247196468
455.73333333348796, 460.7359855602176
455.7666666668213, 438.3519528719484
455.8000000001547, 420.405592330093
455.83333333348804, 410.12822689976923
455.8666666668214, 406.2523722889364
455.90000000015476, 406.3647981752076
455.9333333334881, 408.05227397076663
455.9666666668215, 409.34783241434104
456.00000000015484, 410.1191593972829
456.0333333334882, 410.70534667297034
456.06666666682156, 411.44548634449586
456.1000000001549, 412.5952336027797
456.1333333334883, 414.0645879876978
456.16666666682164, 415.6740526719852
456.200000000155, 417.24413069047745
456.23333333348836, 418.64007032304016
456.2666666668217, 419.9136831394961
456.3000000001551, 421.1653967283395
456.33333333348844, 422.49563880144416
456.3666666668218, 424.0239370953505
456.40000000015516, 425.9498724270536
456.4333333334885, 428.49399537504155
456.4666666668219, 431.8768565933195
456.50000000015524, 436.1850466764679
456.5333333334886, 440.94144721238945
456.56666666682196, 445.5206867705206
456.6000000001553, 449.2973932400338
456.6333333334887, 451.8276274614732
456.66666666682204, 453.4330500341225
456.7000000001554, 454.6372299831611
456.73333333348876, 455.963737417925
456.7666666668221, 457.7865625761775
456.8000000001555, 459.84752407548336
456.83333333348884, 461.7214612024747
456.8666666668222, 462.9832122680859
456.90000000015556, 463.40995211272167
456.9333333334889, 463.6342814875483
456.9666666668223, 464.5148259624613
457.00000000015564, 466.91021245201074
457.033333333489, 471.36553550541504
457.06666666682236, 477.1015278660987
457.1000000001557, 482.9893015201393
457.1333333334891, 487.8999664699281
457.16666666682244, 491.0171923287741
457.2000000001558, 492.8421258285834
457.23333333348916, 494.22298692392667
457.2666666668225, 496.0079973228104
457.3000000001559, 498.77336637677234
457.33333333348924, 501.9525447492866
457.3666666668226, 504.6789353429601
457.40000000015596, 506.08593981115325
457.4333333334893, 505.5747063563993
457.4666666668227, 503.66611787644086
457.50000000015604, 501.1737277130752
457.5333333334894, 498.91109012241225
457.56666666682275, 497.40127086894853
457.6000000001561, 495.95947962873237
457.6333333334895, 493.5870368021726
457.66666666682283, 489.28526213927324
457.7000000001562, 482.5690200424074
457.73333333348955, 475.07363016238213
457.7666666668229, 468.9816262313012
457.8000000001563, 466.4755426099325
457.83333333348963, 469.01426513589996
457.866666666823, 475.0931259298528
457.90000000015635, 482.44892004096636
457.9333333334897, 488.8184421602897
457.9666666668231, 492.2333028971224
458.00000000015643, 491.9211365103629
458.0333333334898, 487.4128325429202
458.06666666682315, 478.23928056882795
458.1000000001565, 465.24128649383357
458.1333333334899, 454.51747276733124
458.16666666682323, 453.4854694875752
458.2000000001566, 469.5629066777156
458.23333333348995, 506.64785642148456
458.2666666668233, 554.6781757657177
458.3000000001567, 600.1309252648407
458.33333333349003, 629.4831668016542
458.3666666668234, 632.8898111695681
458.40000000015675, 614.9040069264504
458.4333333334901, 583.601832097723
458.46666666682347, 547.059362918362
458.50000000015683, 512.2646018874376
458.5333333334902, 482.0064586290633
458.56666666682355, 458.0610311183084
458.6000000001569, 442.2044128140629
458.63333333349027, 435.26715520041273
458.66666666682363, 434.4870249562636
458.700000000157, 436.24859028575014
458.73333333349035, 436.9364314012132
458.7666666668237, 434.0304394477253
458.80000000015707, 429.10324786354585
458.83333333349043, 424.6832411510517
458.8666666668238, 423.29878280966074
458.90000000015715, 426.5128956684337
458.9333333334905, 432.34569481148696
458.96666666682387, 438.00471541205684
459.00000000015723, 440.6975349121871
459.0333333334906, 438.7134318079185
459.06666666682395, 434.2363247303801
459.1000000001573, 430.32634950899944
459.13333333349067, 430.0435602254036
459.166666666824, 435.1947797333702
459.2000000001574, 443.1654879610656
459.23333333349075, 450.36663140931654
459.2666666668241, 453.20930256323174
459.30000000015747, 449.5228529886464
459.3333333334908, 442.0336064065491
459.3666666668242, 434.5240354723813
459.40000000015755, 430.77641349823284
459.4333333334909, 433.2895298498518
459.46666666682427, 440.23003453978095
459.5000000001576, 448.85149894153756
459.533333333491, 456.4076755178519
459.56666666682435, 460.95385548232247
459.6000000001577, 463.18696336910097
459.63333333349107, 464.3473434530163
459.6666666668244, 465.67518467965704
459.7000000001578, 467.9233514382397
459.73333333349115, 470.2783023183711
459.7666666668245, 471.61239587922694
459.80000000015787, 470.79818471924744
459.8333333334912, 467.15110270756975
459.8666666668246, 461.37340199110525
459.90000000015795, 454.43805556619753
459.9333333334913, 447.31800062816035
459.96666666682466, 440.92537898006896
460.000000000158, 435.98707985534105
460.0333333334914, 433.19483357847207
460.06666666682474, 433.24014344544327
460.1000000001581, 436.522005174487
460.13333333349146, 442.5730227463696
460.1666666668248, 450.76614724604997
460.2000000001582, 460.4739451304317
460.23333333349154, 470.6864446924409
460.2666666668249, 479.29349018694614
460.30000000015826, 483.9883491448924
460.3333333334916, 482.46606802922565
460.366666666825, 473.8085535342398
460.40000000015834, 460.96649380523263
460.4333333334917, 447.55991777506745
460.46666666682506, 437.20692659311015
460.5000000001584, 432.33125992256424
460.5333333334918, 432.1283590117437
460.56666666682514, 435.25360406828923
460.6000000001585, 440.3629301710053
460.63333333349186, 446.38886897936
460.6666666668252, 452.98761201276415
460.7000000001586, 459.93224027887254
460.73333333349194, 466.9952815807576
460.7666666668253, 473.7248842143363
460.80000000015866, 479.10154469880644
460.833333333492, 482.0173590791098
460.8666666668254, 481.3683112275081
460.90000000015874, 477.34658985078926
460.9333333334921, 473.3121468694069
460.96666666682546, 473.09983050945664
461.0000000001588, 480.53462303512003
461.0333333334922, 496.7124140930141
461.06666666682554, 516.2925264543757
461.1000000001589, 533.0068222767306
461.13333333349226, 540.6007644310507
461.1666666668256, 535.9679843217575
461.200000000159, 523.1608238987714
461.23333333349234, 507.22147638088074
461.2666666668257, 493.18245955078885
461.30000000015906, 484.1874729164198
461.3333333334924, 479.24309265381925
461.3666666668258, 476.8078693955947
461.40000000015914, 475.34306375740965
461.4333333334925, 473.75935209852884
461.46666666682586, 471.91470504402133
461.5000000001592, 469.78709810532166
461.5333333334926, 467.35474579746244
461.56666666682594, 464.6297585312759
461.6000000001593, 461.6929400426189
461.63333333349266, 458.63340122576244
461.666666666826, 455.5445046189749
461.7000000001594, 453.0384641024059
461.73333333349274, 452.73755661395415
461.7666666668261, 456.380441258555
461.80000000015946, 465.6869563545816
461.8333333334928, 480.3892293039302
461.8666666668262, 496.50567522097754
461.90000000015954, 509.6478148476572
461.9333333334929, 515.4560727358935
461.96666666682626, 512.2267446805497
462.0000000001596, 503.01414405453716
462.033333333493, 491.3672648243168
462.06666666682634, 480.8172105772775
462.1000000001597, 473.4577723316287
462.13333333349306, 468.915844800079
462.1666666668264, 466.5754862385785
462.2000000001598, 465.82661869599883
462.23333333349314, 466.472956960002
462.2666666668265, 468.99801542093024
462.30000000015986, 473.9485189779145
462.3333333334932, 481.8598208203367
462.3666666668266, 492.5593991288307
462.40000000015993, 504.76256347175996
462.4333333334933, 517.087182618646
462.46666666682665, 528.1600349605658
462.50000000016, 537.0990806168171
462.5333333334934, 543.759655030128
462.56666666682673, 548.057804165304
462.6000000001601, 549.921585631252
462.63333333349345, 549.8676889403364
462.6666666668268, 549.2564029635229
462.7000000001602, 549.5131010589762
462.73333333349353, 552.106125053403
462.7666666668269, 560.3820292616724
462.80000000016025, 580.2547642690438
462.8333333334936, 617.823321287033
462.866666666827, 678.9470975899981
462.90000000016033, 760.1138548216813
462.9333333334937, 845.6039447763527
462.96666666682705, 918.878516778202
463.0000000001604, 963.7285342012837
463.0333333334938, 975.5233253147477
463.06666666682713, 963.990831579496
463.1000000001605, 939.7529439391852
463.13333333349385, 913.2633469271733
463.1666666668272, 889.6612390652797
463.20000000016057, 867.81719523087
463.23333333349393, 846.2411238979935
463.2666666668273, 823.5030239995432
463.30000000016065, 799.8859858521747
463.333333333494, 777.593161952795
463.36666666682737, 758.9293583001105
463.40000000016073, 746.0984806947669
463.4333333334941, 738.7027359494016
463.46666666682745, 733.5762316053881
463.5000000001608, 727.4188548460212
463.53333333349417, 717.0951590225661
463.56666666682753, 703.3184087922687
463.6000000001609, 690.6849974944043
463.63333333349425, 683.9628682824625
463.6666666668276, 687.6285111828824
463.70000000016097, 699.971029010279
463.73333333349433, 713.3659297705952
463.7666666668277, 719.9520619876689
463.80000000016105, 712.2799274243389
463.8333333334944, 690.8526139110752
463.86666666682777, 663.3651882592077
463.9000000001611, 637.77176699388
463.9333333334945, 621.6551089914414
463.96666666682785, 616.0583934322929
464.0000000001612, 616.4351651892969
464.03333333349457, 618.0590690328428
464.0666666668279, 616.4660147975477
464.1000000001613, 611.4084400650081
464.13333333349465, 606.0409635569281
464.166666666828, 603.6152449500897
464.20000000016137, 607.1329827016312
464.2333333334947, 615.9217267488804
464.2666666668281, 626.5140462363859
464.30000000016145, 635.3725159265788
464.3333333334948, 639.1966586744587
464.36666666682817, 637.8742814677363
464.4000000001615, 633.5768046900923
464.4333333334949, 628.5253220929258
464.46666666682825, 624.9406610249238
464.5000000001616, 625.0403637145295
464.53333333349497, 631.03976003511
464.5666666668283, 645.1541385785459
464.6000000001617, 669.1004567102112
464.63333333349505, 698.9584067199021
464.6666666668284, 727.2433904525095
464.70000000016177, 746.4145854409624
464.7333333334951, 749.6771278471683
464.7666666668285, 737.9838398806442
464.80000000016184, 716.8796000994629
464.8333333334952, 691.969470934501
464.86666666682856, 668.5494627635679
464.9000000001619, 648.9663779939432
464.9333333334953, 633.9310870066196
464.96666666682864, 624.1370136062428
465.000000000162, 620.0608614910686
465.03333333349536, 620.2780849093333
465.0666666668287, 622.3788098432894
465.1000000001621, 623.9448265207723
465.13333333349544, 622.9633704069952
465.1666666668288, 620.6930279472084
465.20000000016216, 619.9735275500097
465.2333333334955, 623.6548776564902
465.2666666668289, 634.192298987972
465.30000000016224, 651.1105203948596
465.3333333334956, 672.615804371665
465.36666666682896, 696.908086081802
465.4000000001623, 722.0832521758858
465.4333333334957, 745.5265360140141
465.46666666682904, 764.3261280625533
465.5000000001624, 775.5692208629619
465.53333333349576, 777.0332781455465
465.5666666668291, 770.8337022256875
465.6000000001625, 760.7670026050872
465.63333333349584, 750.6333671888858
465.6666666668292, 743.6199427536247
465.70000000016256, 739.3696429933275
465.7333333334959, 736.2545720569946
465.7666666668293, 732.6452011682765
465.80000000016264, 727.2569940336982
465.833333333496, 720.6396918535238
465.86666666682936, 713.9502699849572
465.9000000001627, 708.3460942545297
465.9333333334961, 704.7571309433529
465.96666666682944, 703.0020165822978
466.0000000001628, 702.5604140501406
466.03333333349616, 702.9119036230369
466.0666666668295, 703.7705886898286
466.1000000001629, 705.9033279138582
466.13333333349624, 710.372253846441
466.1666666668296, 718.2395139813033
466.20000000016296, 729.8911907913549
466.2333333334963, 742.9284204045392
466.2666666668297, 754.2353325721883
466.30000000016304, 760.6960647698089
466.3333333334964, 760.4440400297565
466.36666666682976, 756.3299374307092
466.4000000001631, 752.3176559529047
466.4333333334965, 752.3710025336181
466.46666666682984, 759.5326987219464
466.5000000001632, 773.6603400171194
466.53333333349656, 793.9235252394071
466.5666666668299, 819.4916643796297
466.6000000001633, 849.0453278500711
466.63333333349664, 879.7178546927353
466.66666666683, 908.3371986798126
466.70000000016336, 931.7319518705561
466.7333333334967, 947.4042729751579
466.7666666668301, 954.8071114505783
466.80000000016344, 953.7445494176831
466.8333333334968, 944.0225374827396
466.86666666683016, 926.4589521600379
466.9000000001635, 904.553152512754
466.9333333334969, 882.2436295622665
466.96666666683024, 863.4645050803471
467.0000000001636, 850.7545477803875
467.03333333349696, 843.2694985052325
467.0666666668303, 839.6623866765902
467.1000000001637, 838.5895660099491
467.13333333349703, 839.3941092081575
467.1666666668304, 842.9424879992769
467.20000000016375, 850.3059488770356
467.2333333334971, 862.5394281564211
467.2666666668305, 878.3703487363507
467.30000000016383, 891.801624217429
467.3333333334972, 896.2637343379705
467.36666666683055, 885.2770959392171
467.4000000001639, 861.6721024202085
467.4333333334973, 845.5710365457518
467.46666666683063, 858.9769894402228
467.500000000164, 923.52490825205
467.53333333349735, 1032.1478485296734
467.5666666668307, 1129.0032451159993
467.6000000001641, 1153.508269960579
467.63333333349743, 1046.678065228737
467.6666666668308, 846.1762069435636
467.70000000016415, 739.9159070710093
467.7333333334975, 928.7871767149752
467.7666666668309, 1612.7974983342237
467.80000000016423, 2949.549537237578
467.8333333334976, 5036.357013772578
467.86666666683095, 7965.934874415753
467.9000000001643, 11820.93207619713
467.93333333349767, 16292.227396259159
467.96666666683103, 20561.513002645363
468.0000000001644, 23776.424767829292
468.03333333349775, 25104.360242897397
468.0666666668311, 24345.78462066321
468.10000000016447, 22052.911497710305
468.13333333349783, 18821.672195836174
468.1666666668312, 15241.81766514422
468.20000000016455, 11737.941064238245
468.2333333334979, 8555.583326661419
468.26666666683127, 5931.320442396821
468.30000000016463, 4091.4131444713203
468.333333333498, 3029.5810607696067
468.36666666683135, 2509.5895612580152
468.4000000001647, 2285.406148687433
468.43333333349807, 2118.360731612498
468.46666666683143, 1911.1315197599683
468.5000000001648, 1693.750347702111
468.53333333349815, 1500.8029796396154
468.5666666668315, 1365.0890066624345
468.60000000016487, 1289.9686706541188
468.63333333349823, 1254.6667943007096
468.6666666668316, 1237.6959530023132
468.70000000016495, 1218.587533366056
468.7333333334983, 1191.3866656172247
468.76666666683167, 1160.9488868232895
468.800000000165, 1132.3876701497588
468.8333333334984, 1110.4774843499154
468.86666666683175, 1095.794632219818
468.9000000001651, 1086.079549924278
468.93333333349847, 1079.0193424963793
468.9666666668318, 1072.3822027764136
469.0000000001652, 1064.8134546024762
469.03333333349855, 1055.4946813128906
469.0666666668319, 1043.6151622125478
469.10000000016527, 1028.5164076406359
469.1333333334986, 1010.984026012502
469.166666666832, 992.600890481694
469.20000000016535, 974.9582466627977
469.2333333334987, 959.5153599701282
469.26666666683207, 946.6299693942422
469.3000000001654, 936.1120446489019
469.3333333334988, 927.7675765011389
469.36666666683215, 921.4155671665123
469.4000000001655, 916.9708079222814
469.43333333349887, 914.3908772011137
469.4666666668322, 913.633552157269
469.5000000001656, 914.7132854381495
469.53333333349894, 918.0132712966958
469.5666666668323, 924.0642146510816
469.60000000016566, 933.3972103233714
469.633333333499, 946.5697579928143
469.6666666668324, 964.2913809335612
469.70000000016574, 987.3258982247356
469.7333333334991, 1016.4371966492025
469.76666666683246, 1051.4413748621396
469.8000000001658, 1087.322413972931
469.8333333334992, 1117.5282891517188
469.86666666683254, 1135.506337785671
469.9000000001659, 1136.7778104533968
469.93333333349926, 1126.2276278579377
469.9666666668326, 1111.3821367496857
470.000000000166, 1099.7678378109147
470.03333333349934, 1097.0333553415533
470.0666666668327, 1101.3231438559174
470.10000000016606, 1108.9074475671944
470.1333333334994, 1116.0565626141592
470.1666666668328, 1119.867114100046
470.20000000016614, 1120.355679959462
470.2333333334995, 1118.1834884203474
470.26666666683286, 1114.0118567958043
470.3000000001662, 1108.7003821540736
470.3333333334996, 1103.7281796130505
470.36666666683294, 1100.6950262977323
470.4000000001663, 1101.1997327294175
470.43333333349966, 1106.1372668056015
470.466666666833, 1114.4569076706039
470.5000000001664, 1124.7745405870485
470.53333333349974, 1135.7080023993904
470.5666666668331, 1146.5320309668082
470.60000000016646, 1158.1295568744065
470.6333333334998, 1171.625070251872
470.6666666668332, 1188.1365232181438
470.70000000016654, 1207.5553562159478
470.7333333334999, 1227.1109873509356
470.76666666683326, 1243.6839140650288
470.8000000001666, 1254.1719508920282
470.8333333335, 1257.5067492914745
470.86666666683334, 1256.5373049759855
470.9000000001667, 1254.5581653294846
470.93333333350006, 1254.8385775500933
470.9666666668334, 1258.6354244952913
471.0000000001668, 1263.763075433208
471.03333333350014, 1267.6984616552065
471.0666666668335, 1267.9520863910932
471.10000000016686, 1263.9472752656284
471.1333333335002, 1258.015297040971
471.1666666668336, 1252.731028458475
471.20000000016694, 1250.6305398126772
471.2333333335003, 1252.5986261443443
471.26666666683366, 1257.288622302164
471.300000000167, 1263.195711683645
471.3333333335004, 1268.9379196235818
471.36666666683374, 1277.163349854621
471.4000000001671, 1295.3608005969002
471.43333333350046, 1331.3057441837618
471.4666666668338, 1391.9639558195988
471.5000000001672, 1463.3051246639832
471.53333333350054, 1508.8932114154068
471.5666666668339, 1491.2001779284772
471.60000000016726, 1377.4680185733293
471.6333333335006, 1234.6499629454968
471.666666666834, 1224.152597067046
471.70000000016734, 1511.0999962233946
471.7333333335007, 2255.7942965504926
471.76666666683406, 3535.9898105562306
471.8000000001674, 5360.11890449953
471.8333333335008, 7734.462489759083
471.86666666683413, 10651.075257149307
471.9000000001675, 13900.009888767598
471.93333333350085, 17121.193280616666
471.9666666668342, 19950.98871241555
472.0000000001676, 22051.328605576575
472.03333333350093, 23388.384596340326
472.0666666668343, 24127.98650037586
472.10000000016765, 24439.44673077955
472.133333333501, 24491.295626458643
472.1666666668344, 24444.201246872417
472.20000000016773, 24454.287837335953
472.2333333335011, 24677.624475393888
472.26666666683445, 25221.62431592546
472.3000000001678, 25777.732501446055
472.3333333335012, 25826.360679049438
472.36666666683453, 24846.26814526116
472.4000000001679, 22421.988507459162
472.43333333350125, 18910.914972152732
472.4666666668346, 15013.394703276343
472.500000000168, 11431.320122098223
472.53333333350133, 8767.188479071117
472.5666666668347, 7000.521656780758
472.60000000016805, 5870.00815154967
472.6333333335014, 5113.817454668166
472.6666666668348, 4501.945262750182
472.70000000016813, 3975.9102795825406
472.7333333335015, 3534.757747710932
472.76666666683485, 3177.57487649297
472.8000000001682, 2900.819911690242
472.83333333350157, 2688.753416365403
472.86666666683493, 2522.100930783603
472.9000000001683, 2381.5876266264745
472.93333333350165, 2251.2259676289927
472.966666666835, 2128.158973832387
473.00000000016837, 2012.8076579617991
473.03333333350173, 1905.5930108700777
473.0666666668351, 1806.741962774449
473.10000000016845, 1715.814546129264
473.1333333335018, 1632.2276464576134
473.16666666683517, 1555.3983572644281
473.20000000016853, 1485.0091603228739
473.2333333335019, 1421.5277795370705
473.26666666683525, 1365.566479743823
473.3000000001686, 1317.7366145336116
473.33333333350197, 1278.2602511493214
473.36666666683533, 1246.365993285473
473.4000000001687, 1221.1262531594994
473.43333333350205, 1201.619042948149
473.4666666668354, 1188.0499288581398
473.50000000016877, 1183.1115239071994
473.5333333335021, 1189.828555113099
473.5666666668355, 1211.1755326083082
473.60000000016885, 1244.3998630606955
473.6333333335022, 1275.8090750463318
473.66666666683557, 1290.478945029053
473.7000000001689, 1273.6402041629394
473.7333333335023, 1221.7345103267867
473.76666666683565, 1149.7804672194475
473.800000000169, 1074.543675035977
473.83333333350237, 1012.614958252975
473.8666666668357, 971.9310508134582
473.9000000001691, 947.9741610608244
473.93333333350245, 935.2599139937419
473.9666666668358, 928.3588995041368
474.00000000016917, 923.8069595549986
474.0333333335025, 920.5978554184693
474.0666666668359, 917.8803949005824
474.10000000016925, 914.810300349121
474.1333333335026, 910.7289791271585
474.16666666683597, 905.1796598206143
474.2000000001693, 897.7157198253464
474.2333333335027, 887.9465883452181
474.26666666683604, 876.6462345652011
474.3000000001694, 865.6878580432859
474.33333333350276, 856.9876345825217
474.3666666668361, 852.3766381083298
474.4000000001695, 852.2866110320441
474.43333333350284, 856.0037994039373
474.4666666668362, 862.7807528482421
474.50000000016956, 871.7919683078388
474.5333333335029, 881.1781768203748
474.5666666668363, 888.3477809371395
474.60000000016964, 890.6936729888986
474.633333333503, 885.9540601891761
474.66666666683636, 875.6015746129843
474.7000000001697, 863.3915973849423
474.7333333335031, 853.1122533421234
474.76666666683644, 848.0354733383389
474.8000000001698, 846.8269221631622
474.83333333350316, 845.7315559457338
474.8666666668365, 840.9728164406973
474.9000000001699, 829.5182749012076
474.93333333350324, 813.857983307989
474.9666666668366, 798.9661746465922
475.00000000016996, 789.828993664441
475.0333333335033, 790.3249197577691
475.0666666668367, 797.457145284288
475.10000000017004, 805.5947088397593
475.1333333335034, 809.1012835833745
475.16666666683676, 803.6759216965868
475.2000000001701, 791.9751499550257
475.2333333335035, 778.9141075638133
475.26666666683684, 769.409120604645
475.3000000001702, 766.9957629071348
475.33333333350356, 769.1608971870514
475.3666666668369, 771.735509686819
475.4000000001703, 770.5505717526491
475.43333333350364, 762.8474689108507
475.466666666837, 751.0620531175937
475.50000000017036, 738.825727855634
475.5333333335037, 729.7692821109308
475.5666666668371, 726.2812263917846
475.60000000017044, 726.901920623243
475.6333333335038, 729.4288622892741
475.66666666683716, 731.6612397308986
475.7000000001705, 732.2315772593446
475.7333333335039, 731.9487728140938
475.76666666683724, 731.9725865041748
475.8000000001706, 733.4582746268694
475.83333333350396, 736.6487749320087
475.8666666668373, 739.7720028020244
475.9000000001707, 740.7863740526975
475.93333333350404, 737.6713834139864
475.9666666668374, 730.6537512939542
476.00000000017076, 724.1703289641671
476.0333333335041, 723.1208220311652
476.0666666668375, 732.3359796912455
476.10000000017084, 752.1868409920825
476.1333333335042, 775.9398972007282
476.16666666683756, 796.2274913891664
476.2000000001709, 805.7950175861333
476.2333333335043, 802.2445520405373
476.26666666683764, 789.7681614166385
476.300000000171, 773.0277787369021
476.33333333350436, 756.6261503642585
476.3666666668377, 743.3692453275569
476.4000000001711, 733.9847642441327
476.43333333350444, 729.0845487668805
476.4666666668378, 729.1886238489257
476.50000000017116, 732.7585653294738
476.5333333335045, 736.2267015844516
476.5666666668379, 735.9393849938982
476.60000000017124, 728.4844279009121
476.6333333335046, 714.5786591149447
476.66666666683795, 698.403949283011
476.7000000001713, 684.2495533276003
476.7333333335047, 676.0744635270277
476.76666666683803, 673.4249083376562
476.8000000001714, 672.7018664961278
476.83333333350475, 670.2387035190071
476.8666666668381, 662.7517638396665
476.9000000001715, 651.0286307035099
476.93333333350483, 638.3132598255819
476.9666666668382, 627.8835356131874
477.00000000017155, 622.682512266269
477.0333333335049, 622.7829933730414
477.0666666668383, 626.7983594747085
477.10000000017163, 633.3304696597688
477.133333333505, 640.9621365050813
477.16666666683835, 648.1432245626282
477.2000000001717, 653.2669379319926
477.2333333335051, 654.7262705069663
477.26666666683843, 651.3630070003933
477.3000000001718, 644.5866147452599
477.33333333350515, 636.7181903737738
477.3666666668385, 630.0799160147786
477.4000000001719, 626.6542564113108
477.43333333350523, 626.8245698248287
477.4666666668386, 630.5041256012113
477.50000000017195, 637.606129147161
477.5333333335053, 647.9420293598572
477.56666666683867, 660.9287818420318
477.60000000017203, 675.887756166533
477.6333333335054, 692.1402789490087
477.66666666683875, 708.8834364918166
477.7000000001721, 724.9175152151695
477.73333333350547, 738.9637539135249
477.76666666683883, 749.7441947870446
477.8000000001722, 756.4042503899045
477.83333333350555, 759.2065569343501
477.8666666668389, 758.595893677272
477.90000000017227, 755.018215590788
477.93333333350563, 749.148530327563
477.966666666839, 742.1633119346468
478.00000000017235, 735.3054257714266
478.0333333335057, 729.8173645987981
478.06666666683907, 726.9053506072817
478.10000000017243, 727.7094665964304
478.1333333335058, 733.3627644092397
478.16666666683915, 744.970942629244
478.2000000001725, 762.0720353622705
478.23333333350587, 781.8155597130772
478.2666666668392, 801.1503284327772
478.3000000001726, 817.0746739039033
478.33333333350595, 828.4357240779004
478.3666666668393, 836.4390373674837
478.40000000017267, 842.4435164444607
478.433333333506, 847.8748417877963
478.4666666668394, 855.8956736272366
478.50000000017275, 871.5253069823145
478.5333333335061, 899.8737789853611
478.56666666683947, 945.5416102938424
478.6000000001728, 1003.4533694592117
478.6333333335062, 1059.8725746995271
478.66666666683955, 1100.7569897043502
478.7000000001729, 1113.21421052828
478.73333333350627, 1100.8376778032848
478.7666666668396, 1079.55367782966
478.800000000173, 1065.5857344262442
478.83333333350635, 1073.5833858623835
478.8666666668397, 1100.7376137350059
478.90000000017307, 1133.3618265522164
478.9333333335064, 1157.6047193749807
478.9666666668398, 1161.2079004757602
479.00000000017315, 1145.82558174286
479.0333333335065, 1120.2960362015795
479.06666666683986, 1093.517525300637
479.1000000001732, 1073.5304274772045
479.1333333335066, 1062.4009780574409
479.16666666683994, 1059.6546355822259
479.2000000001733, 1064.8075307872894
479.23333333350666, 1076.98913979793
479.26666666684, 1093.1643887664638
479.3000000001734, 1109.5453984025519
479.33333333350674, 1122.3435309547817
479.3666666668401, 1128.84957791907
479.40000000017346, 1131.233675829656
479.4333333335068, 1133.0440005380553
479.4666666668402, 1137.8287856673323
479.50000000017354, 1148.1548969416501
479.5333333335069, 1163.003767002426
479.56666666684026, 1180.5382322422581
479.6000000001736, 1198.921381415069
479.633333333507, 1216.636841983947
479.66666666684034, 1233.1161907403089
479.7000000001737, 1247.9654041204562
479.73333333350706, 1260.7932124906913
479.7666666668404, 1272.0504635240884
479.8000000001738, 1284.2130955021212
479.83333333350714, 1300.0552492690265
479.8666666668405, 1322.3324302193341
479.90000000017386, 1351.4448507104246
479.9333333335072, 1383.1633716868175
479.9666666668406, 1412.7192108480156
480.00000000017394, 1435.4045908214612
480.0333333335073, 1450.6016300442511
480.06666666684066, 1464.2919803361603
480.100000000174, 1483.0565343452156
480.1333333335074, 1513.2078542621523
480.16666666684074, 1550.0760003690896
480.2000000001741, 1574.39707201338
480.23333333350746, 1565.8981952340823
480.2666666668408, 1507.6011280708724
480.3000000001742, 1472.427589431082
480.33333333350754, 1631.8249476213687
480.3666666668409, 2162.2648814299228
480.40000000017426, 3230.9462236891927
480.4333333335076, 4826.165475737798
480.466666666841, 6774.55527265027
480.50000000017434, 8896.93419557484
480.5333333335077, 11021.295070797158
480.56666666684106, 13077.569448396021
480.6000000001744, 15071.483826883334
480.6333333335078, 17010.56582940102
480.66666666684114, 18896.25099144615
480.7000000001745, 20664.35991991458
480.73333333350786, 22210.728508064803
480.7666666668412, 23430.624187979796
480.8000000001746, 24236.882191879788
480.83333333350794, 24688.705914304315
480.8666666668413, 24917.978987612678
480.90000000017466, 25057.110061077252
480.933333333508, 25221.187457347056
480.9666666668414, 25412.114523121996
481.00000000017474, 25586.335151854055
481.0333333335081, 25700.170307291814
481.06666666684146, 25713.922696415328
481.1000000001748, 25608.478703083852
481.1333333335082, 25371.356395039908
481.16666666684154, 24990.077049184256
481.2000000001749, 24428.205260809907
481.23333333350826, 23550.95843363957
481.2666666668416, 22198.320571866112
481.300000000175, 20210.305985879473
481.33333333350834, 17543.04293039548
481.3666666668417, 14531.475865676804
481.40000000017505, 11587.674726680087
481.4333333335084, 9123.39347948841
481.4666666668418, 7397.728156813168
481.50000000017513, 6272.335608699348
481.5333333335085, 5545.01710948405
481.56666666684185, 5013.961048991171
481.6000000001752, 4539.412907528267
481.6333333335086, 4111.341884143634
481.66666666684193, 3735.9912405173077
481.7000000001753, 3419.5164812928588
481.73333333350865, 3161.3675946406474
481.766666666842, 2949.67562185636
481.8000000001754, 2771.481117722078
481.83333333350873, 2613.919941615643
481.8666666668421, 2468.3070097594514
481.90000000017545, 2331.677377410178
481.9333333335088, 2201.4791730223465
481.9666666668422, 2075.26826988471
482.00000000017553, 1953.6267270205922
482.0333333335089, 1840.5027497714689
482.06666666684225, 1740.0205221149668
482.1000000001756, 1656.1116460385122
482.133333333509, 1588.9898541773703
482.16666666684233, 1535.507977527595
482.2000000001757, 1492.3978867532005
482.23333333350905, 1456.4089902113485
482.2666666668424, 1424.534737481964
482.30000000017577, 1393.9474661732338
482.33333333350913, 1361.8236256572675
482.3666666668425, 1325.6617292343028
482.40000000017585, 1286.2980087489702
482.4333333335092, 1246.5436357550093
482.46666666684257, 1209.2355358256575
482.50000000017593, 1176.8963053526934
482.5333333335093, 1149.5674085599187
482.56666666684265, 1126.1132579541213
482.600000000176, 1105.3911695950833
482.63333333350937, 1086.3706939109734
482.66666666684273, 1068.7061422241559
482.7000000001761, 1052.3100353115913
482.73333333350945, 1037.0953682583547
482.7666666668428, 1022.8906501117516
482.80000000017617, 1009.1226033451112
482.83333333350953, 995.0986383863215
482.8666666668429, 980.1261505960924
482.90000000017625, 963.820377588988
482.9333333335096, 946.9408540823755
482.96666666684297, 930.5129400889128
483.0000000001763, 915.5618139340191
483.0333333335097, 902.9117868442193
483.06666666684305, 892.8022730483838
483.1000000001764, 885.3668113635975
483.13333333350977, 880.7365019246798
483.1666666668431, 878.4515268216401
483.2000000001765, 876.6953581953507
483.23333333350985, 873.4618110937489
483.2666666668432, 866.7591600393773
483.30000000017657, 856.0023341685709
483.3333333335099, 843.1707993298272
483.3666666668433, 830.5165785480625
483.40000000017665, 820.2661332402178
483.43333333351, 813.343146659575
483.46666666684337, 808.774641186354
483.5000000001767, 805.43802325093
483.5333333335101, 802.2253818592648
483.56666666684345, 798.4822341903877
483.6000000001768, 794.0830030839994
483.63333333351017, 788.932001729146
483.6666666668435, 782.9731416619765
483.7000000001769, 776.9601681021595
483.73333333351025, 772.4042660177809
483.7666666668436, 770.8457252395364
483.80000000017696, 773.6722239578096
483.8333333335103, 780.0816162071071
483.8666666668437, 787.6326973439444
483.90000000017704, 793.844710325491
483.9333333335104, 796.4109947044508
483.96666666684376, 794.8468362565965
484.0000000001771, 789.753689065062
484.0333333335105, 781.7474907469352
484.06666666684384, 771.516299478831
484.1000000001772, 760.3131134633916
484.13333333351056, 749.6571934811432
484.1666666668439, 741.0693628304888
484.2000000001773, 735.7546038448434
484.23333333351064, 733.035023571773
484.266666666844, 731.5378914243524
484.30000000017736, 729.8893749853345
484.3333333335107, 727.1539359254987
484.3666666668441, 724.4026352113266
484.40000000017744, 723.2804379922424
484.4333333335108, 725.4323070357154
484.46666666684416, 731.7799472255032
484.5000000001775, 740.6955544187252
484.5333333335109, 749.9898417866016
484.56666666684424, 757.4752553659796
484.6000000001776, 762.0997276336037
484.63333333351096, 765.9048760897222
484.6666666668443, 771.4542834592319
484.7000000001777, 781.2991937657976
484.73333333351104, 795.8842940282326
484.7666666668444, 811.1826778831745
484.80000000017776, 822.5962902972349
484.8333333335111, 825.5780783788609
484.8666666668445, 819.3333453693621
484.90000000017784, 809.3209151429322
484.9333333335112, 801.5921279840662
484.96666666684456, 802.0752702540852
485.0000000001779, 811.7757322478205
485.0333333335113, 825.2221878212716
485.06666666684464, 836.5021437411332
485.100000000178, 839.8717767375022
485.13333333351136, 833.7645178127217
485.1666666668447, 820.9635441996465
485.2000000001781, 804.4552191937022
485.23333333351144, 787.1625272343471
485.2666666668448, 770.9561330688969
485.30000000017816, 756.8399126004797
485.3333333335115, 745.7919071795201
485.3666666668449, 738.7026034154815
485.40000000017824, 735.4362582752153
485.4333333335116, 735.1910317155653
485.46666666684496, 737.1538003650396
485.5000000001783, 740.4482069157499
485.5333333335117, 743.6566172082854
485.56666666684504, 745.0865048472219
485.6000000001784, 743.0431828126688
485.63333333351176, 736.2493846097663
485.6666666668451, 726.0945605001682
485.7000000001785, 715.0173235676851
485.73333333351184, 705.4588027316602
485.7666666668452, 700.2248758677679
485.80000000017856, 703.8820817128927
485.8333333335119, 721.527511726294
485.8666666668453, 758.2582606986747
485.90000000017864, 814.6671426361115
485.933333333512, 874.8486657062035
485.96666666684536, 919.1209505891178
486.0000000001787, 927.8144118136559
486.0333333335121, 890.8356077153014
486.06666666684544, 824.8016884964463
486.1000000001788, 750.9504748369112
486.13333333351216, 690.4713572333424
486.1666666668455, 655.9518909840953
486.2000000001789, 641.5475222458449
486.23333333351223, 639.0333601075523
486.2666666668456, 640.2241900428186
486.30000000017895, 639.8232391198383
486.3333333335123, 637.3301787867711
486.3666666668457, 632.6970018462794
486.40000000017903, 625.8901366025814
486.4333333335124, 617.4330954954311
486.46666666684575, 608.5707022440489
486.5000000001791, 600.5957502783461
486.5333333335125, 594.7677272878466
486.56666666684583, 591.5628471255591
486.6000000001792, 590.6643495678715
486.63333333351255, 591.7202285106293
486.6666666668459, 594.3270511264606
486.7000000001793, 597.2797693591267
486.73333333351263, 598.739398987913
486.766666666846, 596.8496449326689
486.80000000017935, 590.0945389254358
486.8333333335127, 580.666897965407
486.8666666668461, 573.0397879683254
486.90000000017943, 571.7195293268126
486.9333333335128, 582.2861873958115
486.96666666684615, 618.786057327688
487.0000000001795, 699.2780659178188
487.03333333351287, 841.8452391673982
487.06666666684623, 1055.2822689229824
487.1000000001796, 1294.2678484228627
487.13333333351295, 1493.9353267655322
487.1666666668463, 1589.3915237201554
487.20000000017967, 1535.0933533131076
487.23333333351303, 1369.6991009718301
487.2666666668464, 1154.7644288350227
487.30000000017975, 951.8413397430219
487.3333333335131, 806.8834434648093
487.36666666684647, 715.0014317989732
487.40000000017983, 660.9641576925017
487.4333333335132, 629.549553102063
487.46666666684655, 608.6642948046364
487.5000000001799, 593.9075446400323
487.53333333351327, 582.0393972955027
487.56666666684663, 569.8537562844082
487.60000000018, 557.7500819907451
487.63333333351335, 552.8834238114073
487.6666666668467, 563.1516172690561
487.70000000018007, 596.2558786120737
487.73333333351343, 650.1492163021409
487.7666666668468, 708.748261805637
487.80000000018015, 754.8794997695207
487.8333333335135, 771.8592230168514
487.86666666684687, 756.749350487114
487.9000000001802, 721.8951211091226
487.9333333335136, 680.440205244329
487.96666666684695, 645.0857991414343
488.0000000001803, 620.6766245603757
488.03333333351367, 605.307732449596
488.066666666847, 596.8546615521316
488.1000000001804, 593.182212743983
488.13333333351375, 592.0260479554272
488.1666666668471, 591.036419755813
488.20000000018047, 587.8620601238132
488.2333333335138, 580.5563845081149
488.2666666668472, 570.6139317737083
488.30000000018055, 561.2672457959236
488.3333333335139, 555.7622552422695
488.36666666684727, 556.8022130097596
488.4000000001806, 563.7407040859471
488.433333333514, 574.6545398603785
488.46666666684735, 587.6180154575676
488.5000000001807, 600.7314106918088
488.53333333351407, 612.2130631641043
488.5666666668474, 620.314821364418
488.6000000001808, 623.2887504284813
488.63333333351414, 620.6544938105557
488.6666666668475, 616.1881989124315
488.70000000018086, 614.558476036595
488.7333333335142, 620.4243032431514
488.7666666668476, 634.8063957230681
488.80000000018094, 649.633230170576
488.8333333335143, 655.436239501512
488.86666666684766, 642.9438134379691
488.900000000181, 624.1679397871092
488.9333333335144, 651.152289066169
488.96666666684774, 780.36297502745
489.0000000001811, 1066.7608381504376
489.03333333351446, 1492.0912674625456
489.0666666668478, 1933.4883146484856
489.1000000001812, 2260.049850185062
489.13333333351454, 2344.9664524487644
489.1666666668479, 2172.146547065791
489.20000000018126, 1846.2986552218956
489.2333333335146, 1478.2452581074956
489.266666666848, 1174.58503060427
489.30000000018134, 970.460890684674
489.3333333335147, 841.4553903919659
489.36666666684806, 761.3311083695562
489.4000000001814, 705.1272486855909
489.4333333335148, 662.3755021887046
489.46666666684814, 631.7947862460289
489.5000000001815, 612.2499893587682
489.53333333351486, 602.4383983760188
489.5666666668482, 599.7237522732228
489.6000000001816, 600.8328387910427
489.63333333351494, 602.4884973018285
489.6666666668483, 601.967699906276
489.70000000018166, 599.7183155460092
489.733333333515, 597.314181298592
489.7666666668484, 596.3304765797585
489.80000000018174, 597.8852094463168
489.8333333335151, 601.1917159284266
489.86666666684846, 604.9673846489227
489.9000000001818, 607.9297542736612
489.9333333335152, 609.0509786233652
489.96666666684854, 608.0784103524904
490.0000000001819, 604.906398357797
490.03333333351526, 599.438254280995
490.0666666668486, 593.5420360825253
490.100000000182, 593.5015899289842
490.13333333351534, 606.2032663570675
490.1666666668487, 638.4344464044108
490.20000000018206, 689.5389902612995
490.2333333335154, 746.3627610756112
490.2666666668488, 794.5558535202962
490.30000000018214, 820.0514218162562
490.3333333335155, 819.1580583371498
490.36666666684886, 801.3096880972034
490.4000000001822, 776.7828215822607
490.4333333335156, 755.6003972476391
490.46666666684894, 742.3957157619883
490.5000000001823, 736.6473904177242
490.53333333351566, 737.6274818249267
490.566666666849, 744.560433088316
490.6000000001824, 756.0230324679264
490.63333333351574, 770.1247156151236
490.6666666668491, 784.9645688147923
490.70000000018246, 799.0999494393077
490.7333333335158, 815.3202939535016
490.7666666668492, 838.7017845356056
490.80000000018254, 874.3429632039825
490.8333333335159, 926.33800636967
490.86666666684926, 992.2562398669164
490.9000000001826, 1067.0603462318732
490.933333333516, 1145.7061716228066
490.96666666684933, 1224.7259567458782
491.0000000001827, 1307.9925916611608
491.03333333351605, 1401.514013833775
491.0666666668494, 1511.2976710219637
491.1000000001828, 1639.0561923202058
491.13333333351613, 1772.082488948403
491.1666666668495, 1894.6465530438397
491.20000000018285, 1991.033262018567
491.2333333335162, 2050.456582696817
491.2666666668496, 2074.1615088909048
491.30000000018293, 2065.1941744663422
491.3333333335163, 2026.6243349432464
491.36666666684965, 1963.718086168902
491.400000000183, 1885.6907270296288
491.4333333335164, 1802.1700462515018
491.46666666684973, 1722.6635901935356
491.5000000001831, 1651.6760177440801
491.53333333351645, 1587.0163831629918
491.5666666668498, 1526.0259154612402
491.6000000001832, 1466.2929518390604
491.63333333351653, 1411.1004417194645
491.6666666668499, 1369.4321335400766
491.70000000018325, 1350.5201212866095
491.7333333335166, 1363.766122362547
491.76666666684997, 1421.003305910056
491.80000000018333, 1535.8835042693245
491.8333333335167, 1722.102366664628
491.86666666685005, 1989.4510907293113
491.9000000001834, 2310.455038004703
491.93333333351677, 2636.9652137383146
491.96666666685013, 2920.6120381678948
492.0000000001835, 3116.8598695306687
492.03333333351685, 3206.535798101559
492.0666666668502, 3180.767403305344
492.10000000018357, 3030.7119112052983
492.13333333351693, 2762.7352258977335
492.1666666668503, 2454.4239228954043
492.20000000018365, 2204.194784302469
492.233333333517, 2110.4597729394736
492.26666666685037, 2232.026555014889
492.30000000018373, 2495.536556014974
492.3333333335171, 2800.0944410431503
492.36666666685045, 3044.9230210023397
492.4000000001838, 3164.991692478779
492.43333333351717, 3181.0586343905215
492.46666666685053, 3126.486414997656
492.5000000001839, 3034.5134104765684
492.53333333351725, 2927.773059455953
492.5666666668506, 2810.333931440074
492.60000000018397, 2684.390205135659
492.6333333335173, 2552.1577175710945
492.6666666668507, 2416.6821618382005
492.70000000018405, 2282.080288760602
492.7333333335174, 2152.5397344377443
492.76666666685077, 2032.0925341151267
492.8000000001841, 1921.4663537554213
492.8333333335175, 1818.230131984956
492.86666666685085, 1719.8263535201938
492.9000000001842, 1623.9435948986413
492.93333333351757, 1531.5170001952515
492.9666666668509, 1445.7752996439297
493.0000000001843, 1369.99547545901
493.03333333351765, 1306.9661396248637
493.066666666851, 1255.199927978316
493.10000000018437, 1210.997013251185
493.1333333335177, 1170.638958885816
493.1666666668511, 1131.0775387391404
493.20000000018445, 1093.3092669787138
493.2333333335178, 1059.8404667999039
493.26666666685117, 1033.1800524375356
493.3000000001845, 1014.6413700053895
493.3333333335179, 1000.4734568706268
493.36666666685124, 985.5846550171406
493.4000000001846, 964.8845781454363
493.43333333351796, 935.0838171977438
493.4666666668513, 898.2773368812782
493.5000000001847, 857.5619900445372
493.53333333351804, 816.0366658387314
493.5666666668514, 777.1582134339207
493.60000000018476, 745.148648220104
493.6333333335181, 724.3285185263034
493.6666666668515, 718.9548632509903
493.70000000018484, 729.4704670611561
493.7333333335182, 750.4038987600627
493.76666666685156, 775.7747293281233
493.8000000001849, 799.6434188504508
493.8333333335183, 817.2654325776258
493.86666666685164, 825.2525218193246
493.900000000185, 820.2897453189764
493.93333333351836, 799.4018082840796
493.9666666668517, 765.3464773016939
494.0000000001851, 725.653420391911
494.03333333351844, 687.9976885629054
494.0666666668518, 659.4294032611567
494.10000000018516, 640.3025507923786
494.1333333335185, 626.906572292971
494.1666666668519, 615.4737744146294
494.20000000018524, 602.718401811345
494.2333333335186, 588.8149948729542
494.26666666685196, 575.4501529339141
494.3000000001853, 564.3168134820762
494.3333333335187, 556.7760620687072
494.36666666685204, 552.5458669550263
494.4000000001854, 550.8365722426964
494.43333333351876, 550.8583911636065
494.4666666668521, 551.9800741734618
494.5000000001855, 554.1171057264839
494.53333333351884, 557.3027417810162
494.5666666668522, 561.568825680762
494.60000000018556, 566.4957557787454
494.6333333335189, 570.5692609674772
494.6666666668523, 572.1123807920393
494.70000000018564, 569.466836972172
494.733333333519, 562.5198313596613
494.76666666685236, 553.8365521597938
494.8000000001857, 546.2490572901571
494.8333333335191, 542.5307610772181
494.86666666685244, 543.3489609425359
494.9000000001858, 546.7314586738258
494.93333333351916, 550.5390297212481
494.9666666668525, 552.7076047268519
495.0000000001859, 552.6418642324035
495.03333333351924, 551.0839341657447
495.0666666668526, 548.8247625227567
495.10000000018596, 546.5412509170725
495.1333333335193, 543.5447240894875
495.1666666668527, 538.2462211569742
495.20000000018604, 529.0408865558866
495.2333333335194, 515.20258517466
495.26666666685276, 502.895851761287
495.3000000001861, 501.5358622175028
495.3333333335195, 520.5569413684693
495.36666666685284, 563.5879263048519
495.4000000001862, 603.352277467091
495.43333333351956, 602.3300348592306
495.4666666668529, 522.9953691404585
495.5000000001863, 362.6837072853315
495.53333333351964, 246.49158659530616
495.566666666853, 328.7758375967622
495.60000000018636, 763.6256921690044
495.6333333335197, 1592.8740721184267
495.6666666668531, 2572.7429721415283
495.70000000018644, 3414.6994133351423
495.7333333335198, 3831.998641736777
495.76666666685315, 3703.7744088578343
495.8000000001865, 3207.207154211908
495.8333333335199, 2550.579477850676
495.86666666685323, 1939.568268463574
495.9000000001866, 1480.7776622375031
495.93333333351995, 1153.3849804509618
495.9666666668533, 928.1781726451121
496.0000000001867, 776.3265765086588
496.03333333352003, 676.6657258608082
496.0666666668534, 615.1291532897959
496.10000000018675, 577.9179287621124
496.1333333335201, 551.845577797712
496.1666666668535, 531.136805780278
496.20000000018683, 514.9398231767996
496.2333333335202, 502.4915258724192
496.26666666685355, 493.106116510843
496.3000000001869, 486.70277272978643
496.3333333335203, 483.4855659952077
496.36666666685363, 483.6602338362803
496.400000000187, 487.4586379946453
496.43333333352035, 495.2499723739074
496.4666666668537, 507.4483999300034
496.5000000001871, 524.4680598518565
496.53333333352043, 545.6161178626792
496.5666666668538, 566.2344382596337
496.60000000018715, 580.7773507529492
496.6333333335205, 583.7080505441436
496.66666666685387, 572.5863696887238
496.70000000018723, 552.6042376300886
496.7333333335206, 530.1085028630565
496.76666666685395, 511.4117570678855
496.8000000001873, 500.0226061183411
496.83333333352067, 494.6076721325182
496.86666666685403, 493.3531887948423
496.9000000001874, 494.4467929640014
496.93333333352075, 496.1242142387498
496.9666666668541, 496.6801588991827
497.00000000018747, 494.41294162800966
497.03333333352083, 487.77224735561896
497.0666666668542, 477.97633676826905
497.10000000018755, 468.66579754322436
497.1333333335209, 463.5629501256885
497.16666666685427, 465.9642053313083
497.20000000018763, 474.4613482562457
497.233333333521, 484.72404487160685
497.26666666685435, 492.37809827001087
497.3000000001877, 493.60097758585636
497.33333333352107, 488.50658152925814
497.3666666668544, 478.9195273549689
497.4000000001878, 466.6714174165362
497.43333333352115, 453.53389967757937
497.4666666668545, 440.99273266248287
497.50000000018787, 430.4485541372697
497.5333333335212, 423.3018337381298
497.5666666668546, 420.45659116357086
497.60000000018795, 421.2175929939575
497.6333333335213, 424.56819557650334
497.66666666685467, 429.49296731688145
497.700000000188, 435.22087380188447
497.7333333335214, 441.52012066153486
497.76666666685475, 448.2309488779159
497.8000000001881, 455.18380849840605
497.83333333352147, 461.63222706502523
497.8666666668548, 465.9415070218329
497.9000000001882, 466.4012418902549
497.93333333352155, 461.4242206132073
497.9666666668549, 452.72975317359374
498.00000000018827, 445.62999080680106
498.0333333335216, 445.61766804537956
498.066666666855, 457.9576482538991
498.10000000018834, 484.51772531811497
498.1333333335217, 524.5570304191198
498.16666666685506, 577.2679599710308
498.2000000001884, 641.1165624106002
498.2333333335218, 707.9007722660549
498.26666666685514, 765.832665482613
498.3000000001885, 803.0898167138182
498.33333333352186, 810.5083714469006
498.3666666668552, 794.800018201922
498.4000000001886, 768.5441730022114
498.43333333352194, 744.3296589884192
498.4666666668553, 731.0708375168874
498.50000000018866, 723.0653221986793
498.533333333522, 710.9767028093689
498.5666666668554, 685.4771047586339
498.60000000018874, 642.1442947293822
498.6333333335221, 589.6714377946493
498.66666666685546, 538.9201706204619
498.7000000001888, 500.6952953003726
498.7333333335222, 480.1819358069136
498.76666666685554, 472.2692530628399
498.8000000001889, 470.74542125238594
498.83333333352226, 469.49272798677157
498.8666666668556, 465.91099221240336
498.900000000189, 461.8894218943147
498.93333333352234, 459.6093434852026
498.9666666668557, 461.11915983325616
499.00000000018906, 465.94410396677023
499.0333333335224, 471.3514902628413
499.0666666668558, 474.5289649801372
499.10000000018914, 472.938863170405
499.1333333335225, 467.09978367508137
499.16666666685586, 459.4389495403582
499.2000000001892, 452.41267333329887
499.2333333335226, 448.1271453728213
499.26666666685594, 446.22636088313095
499.3000000001893, 445.2979898472905
499.33333333352266, 443.92565210301524
499.366666666856, 440.98382202289923
499.4000000001894, 436.68795813406985
499.43333333352274, 431.63972945811105
499.4666666668561, 426.4407553373801
499.50000000018946, 421.5430190909436
499.5333333335228, 416.9410736861219
499.5666666668562, 412.5423673878671
499.60000000018954, 408.257038920071
499.6333333335229, 404.40321731635294
499.66666666685626, 402.1401514710691
499.7000000001896, 402.73089865592044
499.733333333523, 407.39409454207
499.76666666685634, 415.2282356379281
499.8000000001897, 422.325759986106
499.83333333352306, 424.55070132813336
499.8666666668564, 418.0764843153179
499.9000000001898, 406.0035558244916
499.93333333352314, 398.256000896381
499.9666666668565, 405.04661720349725
500.00000000018986, 435.7117587148127
500.0333333335232, 488.559612777297
500.0666666668566, 554.3633737465169
500.10000000018994, 623.75035718653
500.1333333335233, 687.4456696707972
500.16666666685666, 736.9331633825664
500.20000000019, 764.0513824304256
500.2333333335234, 760.6408823111916
500.26666666685674, 722.3224639824833
500.3000000001901, 663.6565134122595
500.33333333352346, 605.1224376254472
500.3666666668568, 567.2004659438364
500.4000000001902, 565.3910501543019
500.43333333352354, 598.8332781117869
500.4666666668569, 663.3110442669918
500.50000000019025, 754.5742474328538
500.5333333335236, 861.7696627362819
500.566666666857, 959.5977206420162
500.60000000019033, 1020.847751127397
500.6333333335237, 1018.7259847165915
500.66666666685705, 948.9121426893805
500.7000000001904, 840.5326454154864
500.7333333335238, 725.4348089094171
500.76666666685713, 634.6035661133333
500.8000000001905, 578.2847899072011
500.83333333352385, 545.4701349098284
500.8666666668572, 524.1858215825089
500.9000000001906, 503.1673889376965
500.93333333352393, 480.48963002462193
500.9666666668573, 460.8160958762137
501.00000000019065, 448.948483414626
501.033333333524, 448.85956871134164
501.0666666668574, 457.89971883398323
501.10000000019073, 470.24520231309236
501.1333333335241, 480.05233328374237
501.16666666685745, 482.68159236470524
501.2000000001908, 479.6352362111975
501.2333333335242, 474.36862602279075
501.26666666685753, 470.3379305302394
501.3000000001909, 470.9644204391406
501.33333333352425, 479.5537517653221
501.3666666668576, 499.38767034052853
501.40000000019097, 533.714086933674
501.43333333352433, 579.2328012825603
501.4666666668577, 618.3294954186505
501.50000000019105, 631.4980545525772
501.5333333335244, 599.7208346248345
501.56666666685777, 529.7096696313617
501.60000000019113, 466.1250596147218
501.6333333335245, 456.6760923401814
501.66666666685785, 546.7369490606347
501.7000000001912, 727.2361273479628
501.73333333352457, 934.2405298159637
501.76666666685793, 1101.3989688005322
501.8000000001913, 1166.9506500799953
501.83333333352465, 1127.4347471984106
501.866666666858, 1019.4883919989679
501.90000000019137, 880.5380880241602
501.93333333352473, 745.4957500821497
501.9666666668581, 629.9953743734092
502.00000000019145, 540.7514903817957
502.0333333335248, 484.430216365948
502.06666666685817, 464.8824054431613
502.1000000001915, 472.26976391289145
502.1333333335249, 492.5992371495625
502.16666666685825, 511.8783944561268
502.2000000001916, 519.7123236255867
502.23333333352497, 516.9773620136615
502.2666666668583, 506.75134390976285
502.3000000001917, 492.10800338969597
502.33333333352505, 475.50557827256114
502.3666666668584, 458.13663892580405
502.40000000019177, 441.0380245796196
502.4333333335251, 425.2584409327676
502.4666666668585, 412.37718078784746
502.50000000019185, 404.7057811254462
502.5333333335252, 404.60929332460586
502.56666666685857, 414.28979167186236
502.6000000001919, 432.61076432645126
502.6333333335253, 455.3101004115902
502.66666666685865, 478.0053674139661
502.700000000192, 496.47969142998403
502.73333333352537, 508.3910146223051
502.7666666668587, 512.5836020341433
502.8000000001921, 507.9204725573144
502.83333333352545, 493.78462791136525
502.8666666668588, 473.1302123497289
502.90000000019216, 450.41145171679506
502.9333333335255, 430.0877421902931
502.9666666668589, 415.6888439594448
503.00000000019224, 406.7068238677057
503.0333333335256, 401.5378072035983
503.06666666685896, 398.5783009633122
503.1000000001923, 396.53259021915073
503.1333333335257, 394.9613299079144
503.16666666685904, 393.57293204720077
503.2000000001924, 392.07681656847654
503.23333333352576, 390.280579294528
503.2666666668591, 388.1708732975758
503.3000000001925, 385.753390808512
503.33333333352584, 383.04458844547736
503.3666666668592, 380.4259279578226
503.40000000019256, 378.724226874489
503.4333333335259, 378.79333692320995
503.4666666668593, 381.4055826453609
503.50000000019264, 385.9848992650172
503.533333333526, 390.84731294461886
503.56666666685936, 394.2760012397528
503.6000000001927, 394.77021149556725
503.6333333335261, 392.86177885188647
503.66666666685944, 390.19722071581975
503.7000000001928, 388.4345060063345
503.73333333352616, 388.9271749708022
503.7666666668595, 391.27357458852094
503.8000000001929, 394.44434353576395
503.83333333352624, 397.40935051472445
503.8666666668596, 399.8482855283112
503.90000000019296, 404.02204293332335
503.9333333335263, 412.7780660227416
503.9666666668597, 428.95318719548294
504.00000000019304, 452.6341681542056
504.0333333335264, 477.50579040363533
504.06666666685976, 496.3437868703815
504.1000000001931, 502.00979627561657
504.1333333335265, 492.3352559722294
504.16666666685984, 472.7505087828803
504.2000000001932, 449.3275287159155
504.23333333352656, 428.00349130190097
504.2666666668599, 411.50209731610613
504.3000000001933, 399.26944888066583
504.33333333352664, 390.60402329086276
504.36666666686, 384.79738420908234
504.40000000019336, 381.0546594844519
504.4333333335267, 378.52219012699214
504.4666666668601, 376.3451921995563
504.50000000019344, 373.78061600108697
504.5333333335268, 370.9066174915166
504.56666666686016, 368.16763480876114
504.6000000001935, 366.0097959345443
504.6333333335269, 364.9377562737264
504.66666666686024, 365.7225087895288
504.7000000001936, 369.2107669513409
504.73333333352696, 376.2490158254063
504.7666666668603, 387.46041421424144
504.8000000001937, 402.82891176412636
504.83333333352704, 422.2248229121803
504.8666666668604, 445.5016951701426
504.90000000019376, 470.82036018691775
504.9333333335271, 493.2209835339302
504.9666666668605, 507.40742326328075
505.00000000019384, 508.2253046249966
505.0333333335272, 495.2788396997081
505.06666666686056, 473.950570747261
505.1000000001939, 449.9711691867375
505.1333333335273, 428.86403977664907
505.16666666686064, 412.82961627078265
505.200000000194, 401.39197990664195
505.23333333352736, 393.99917044815516
505.2666666668607, 390.04982089486754
505.3000000001941, 388.4983969866299
505.33333333352743, 388.064527774247
505.3666666668608, 387.4657106716054
505.40000000019415, 385.6445006617616
505.4333333335275, 382.76695029161
505.4666666668609, 379.412888277665
505.50000000019423, 376.1624539402351
505.5333333335276, 373.4950675472869
505.56666666686095, 371.55017050417626
505.6000000001943, 370.39554262963975
505.6333333335277, 370.0983867539761
505.66666666686103, 370.62486464559504
505.7000000001944, 371.7253516090406
505.73333333352775, 373.1224648661773
505.7666666668611, 374.53951798503556
505.8000000001945, 375.7313686303878
505.83333333352783, 376.4966454295234
505.8666666668612, 376.6372012879897
505.90000000019455, 375.9832464444528
505.9333333335279, 374.9219089417509
505.9666666668613, 374.3489315543135
506.00000000019463, 375.17872884040895
506.033333333528, 378.1987724231302
506.06666666686135, 382.8627956379571
506.1000000001947, 387.82699939306536
506.13333333352807, 391.7368542442582
506.16666666686143, 393.6224100441439
506.2000000001948, 394.8980287019051
506.23333333352815, 397.8906012946827
506.2666666668615, 404.92886146088057
506.30000000019487, 417.56802344690277
506.33333333352823, 434.42104558223474
506.3666666668616, 453.4014326986224
506.40000000019495, 472.42180700324207
506.4333333335283, 489.1437297874066
506.46666666686167, 500.6333766845747
506.50000000019503, 503.87060375829054
506.5333333335284, 495.8999223149841
506.56666666686175, 477.4561867131232
506.6000000001951, 454.88819207130047
506.63333333352847, 435.01546290960584
506.66666666686183, 424.44704785362336
506.7000000001952, 425.0142352649373
506.73333333352855, 433.80539476471245
506.7666666668619, 447.7053885013446
506.80000000019527, 463.57295490734106
506.8333333335286, 477.9620862490233
506.866666666862, 487.22966082956646
506.90000000019535, 487.7292490226523
506.9333333335287, 476.8011256098363
506.96666666686207, 458.4340610443517
507.0000000001954, 439.3621700508925
507.0333333335288, 426.32821640524054
507.06666666686215, 424.15754792113336
507.1000000001955, 429.83970205714115
507.13333333352887, 438.36283120337964
507.1666666668622, 444.72173000324904
507.2000000001956, 446.53886269359685
507.23333333352895, 448.05601010640373
507.2666666668623, 454.5409681435438
507.30000000019567, 471.1845771346827
507.333333333529, 498.1521250991553
507.3666666668624, 527.5750350305433
507.40000000019575, 550.8642864235225
507.4333333335291, 559.7008209367584
507.46666666686247, 552.3729983871702
507.5000000001958, 534.0057481726163
507.5333333335292, 510.03980883938544
507.56666666686255, 485.7569298335187
507.6000000001959, 464.49238908122686
507.63333333352927, 448.27740592625236
507.6666666668626, 439.1191900744006
507.700000000196, 438.6347339463246
507.73333333352934, 445.72287713889085
507.7666666668627, 458.12615669688637
507.80000000019606, 473.58285935262006
507.8333333335294, 489.5623216314936
507.8666666668628, 502.40867150351824
507.90000000019614, 508.1718208289671
507.9333333335295, 502.90737693279596
507.96666666686286, 485.1295574242651
508.0000000001962, 459.63766776379373
508.0333333335296, 432.2209841449302
508.06666666686294, 408.6328488575863
508.1000000001963, 392.23632078543613
508.13333333352966, 382.5481543682883
508.166666666863, 378.7371467811042
508.2000000001964, 379.9385483941398
508.23333333352974, 384.467471291155
508.2666666668631, 389.79096740122674
508.30000000019646, 393.33695551291834
508.3333333335298, 392.7457728330716
508.3666666668632, 388.2304975497818
508.40000000019654, 381.714484354111
508.4333333335299, 375.15194700932716
508.46666666686326, 370.24990210152873
508.5000000001966, 367.02378190133936
508.53333333353, 364.78075115867347
508.56666666686334, 362.82557393138615
508.6000000001967, 360.7096188570819
508.63333333353006, 358.99060101666925
508.6666666668634, 358.48290437054584
508.7000000001968, 359.99924311536984
508.73333333353014, 363.7520205536181
508.7666666668635, 368.46643783886793
508.80000000019686, 372.64136315241507
508.8333333335302, 374.79913771354455
508.8666666668636, 374.8736764653081
508.90000000019694, 374.98867067880275
508.9333333335303, 377.4563943547351
508.96666666686366, 384.4593718365316
509.000000000197, 395.2448442073652
509.0333333335304, 406.15171373516745
509.06666666686374, 413.39452206325757
509.1000000001971, 413.5529163057771
509.13333333353046, 407.33247311386555
509.1666666668638, 398.0454860454365
509.2000000001972, 389.045281074883
509.23333333353054, 383.1995900863608
509.2666666668639, 380.2727244716814
509.30000000019726, 378.8075984217728
509.3333333335306, 377.34419429963754
509.366666666864, 374.99705129917106
509.40000000019734, 373.05963150899305
509.4333333335307, 373.34183463199895
509.46666666686406, 377.64902154906827
509.5000000001974, 386.69087545440726
509.5333333335308, 398.663446095788
509.56666666686414, 411.4117096598839
509.6000000001975, 422.8133138471864
509.63333333353086, 432.34637975757096
509.6666666668642, 441.7824052496358
509.7000000001976, 453.06978648937604
509.73333333353094, 467.98468132015324
509.7666666668643, 484.9397563381882
509.80000000019766, 499.2862562178574
509.833333333531, 506.2637689225576
509.8666666668644, 501.68912319108676
509.90000000019774, 487.14018348324555
509.9333333335311, 467.50543081062074
509.96666666686446, 447.7128430544732
510.0000000001978, 431.9900866680536
510.0333333335312, 420.5847749839983
510.06666666686453, 412.3403431999781
510.1000000001979, 406.0986657767485
510.13333333353125, 400.8783180085939
510.1666666668646, 396.29148095092745
510.200000000198, 392.0748500114825
510.23333333353133, 387.9667733356083
510.2666666668647, 383.94290614389905
510.30000000019805, 380.46136887182604
510.3333333335314, 378.0388495250596
510.3666666668648, 377.1731137327977
510.40000000019813, 377.66337750331
510.4333333335315, 378.42229092054083
510.46666666686485, 378.305307494153
510.5000000001982, 376.3018880312004
510.5333333335316, 373.53285773884414
510.56666666686493, 372.8268196833461
510.6000000001983, 377.0603610265693
510.63333333353165, 388.48679848286696
510.666666666865, 404.1312963151479
510.7000000001984, 418.4082006111739
510.73333333353173, 425.7125876785318
510.7666666668651, 422.1175434575152
510.80000000019845, 411.78544781524056
510.8333333335318, 401.313170548418
510.86666666686517, 397.2947819905977
510.90000000019853, 403.3553934534038
510.9333333335319, 414.68053282307
510.96666666686525, 424.96621964499144
511.0000000001986, 427.95268755776146
511.03333333353197, 421.0062932586738
511.06666666686533, 407.75906739128743
511.1000000001987, 392.4651885679949
511.13333333353205, 379.29257935469417
511.1666666668654, 370.12713732818276
511.20000000019877, 364.39368179074955
511.23333333353213, 361.39490127659724
511.2666666668655, 360.42980840807604
511.30000000019885, 360.75193438835106
511.3333333335322, 361.5841072198795
511.36666666686557, 362.14857844429247
511.40000000019893, 361.8031511205352
511.4333333335323, 360.81995875307695
511.46666666686565, 359.84904883140035
511.500000000199, 359.5416654284187
511.53333333353237, 360.32031449891707
511.56666666686573, 361.71486789713305
511.6000000001991, 363.03748309809697
511.63333333353245, 363.6020450455943
511.6666666668658, 363.1502917472505
511.70000000019917, 362.4107611573612
511.7333333335325, 362.2506496014338
511.7666666668659, 363.5224084060683
511.80000000019925, 366.38274273131447
511.8333333335326, 370.0064935330053
511.86666666686597, 373.4943961034937
511.9000000001993, 375.996888768947
511.9333333335327, 377.5801447756663
511.96666666686605, 379.115126317863
512.0000000001994, 381.50019334876174
512.0333333335327, 385.4977794064017
512.066666666866, 390.608252205756
512.1000000001993, 395.64706921820897
512.1333333335326, 399.42289239545437
512.1666666668659, 401.1033807973926
512.2000000001992, 401.72509574830195
512.2333333335325, 402.93082754207774
512.2666666668658, 406.3634542639006
512.3000000001991, 413.31513337210015
512.3333333335324, 424.01981624400656
512.3666666668657, 438.5126637692872
512.400000000199, 456.813880802113
512.4333333335323, 477.54357330673
512.4666666668656, 496.7990672955053
512.500000000199, 510.41349077470676
512.5333333335323, 514.3557253905254
512.5666666668656, 508.38124764797755
512.6000000001989, 496.44264829488793
512.6333333335322, 482.71064837455464
512.6666666668655, 471.1141328106314
512.7000000001988, 462.52768100776194
512.7333333335321, 455.7334927158046
512.7666666668654, 449.4729871743648
512.8000000001987, 442.72804058725245
512.833333333532, 436.10535689868
512.8666666668653, 430.8842930130875
512.9000000001986, 428.34635315594693
512.9333333335319, 429.3014439342755
512.9666666668652, 432.74323266042666
513.0000000001985, 437.2282171328756
513.0333333335318, 441.32169792969125
513.0666666668651, 445.51439923977324
513.1000000001984, 454.62237993105526
513.1333333335317, 474.0515381988936
513.166666666865, 509.05205892376733
513.2000000001983, 558.1630948512566
513.2333333335316, 610.8051400321053
513.2666666668649, 655.7472183047803
513.3000000001982, 682.2051114623567
513.3333333335315, 686.9816859913411
513.3666666668648, 673.2192143022885
513.4000000001981, 644.2546633370706
513.4333333335314, 603.8740935240812
513.4666666668647, 559.7070272632327
513.500000000198, 521.3346126094771
513.5333333335313, 498.35332819837055
513.5666666668646, 497.24440597924837
513.600000000198, 509.64581371597876
513.6333333335313, 522.779489507644
513.6666666668646, 523.8805726308474
513.7000000001979, 509.47293493752505
513.7333333335312, 501.44838201655995
513.7666666668645, 525.9896865220608
513.8000000001978, 608.8774546751179
513.8333333335311, 748.585293226885
513.8666666668644, 899.3254577191251
513.9000000001977, 1011.267214767549
513.933333333531, 1036.5622427588444
513.9666666668643, 971.961142390848
514.0000000001976, 858.2667251301381
514.0333333335309, 738.1548666911868
514.0666666668642, 651.1574292241495
514.1000000001975, 603.5735650770692
514.1333333335308, 581.738426027502
514.1666666668641, 571.7148900274586
514.2000000001974, 561.2303865426709
514.2333333335307, 547.5175194246597
514.266666666864, 531.1774807513348
514.3000000001973, 512.8155099994373
514.3333333335306, 493.3474465320458
514.3666666668639, 474.6920798537156
514.4000000001972, 458.9702605340005
514.4333333335305, 448.2905446539435
514.4666666668638, 443.43217699938896
514.5000000001971, 442.6737359357205
514.5333333335304, 444.017487156772
514.5666666668637, 445.52656600550006
514.600000000197, 447.03845101525286
514.6333333335303, 450.40181291552744
514.6666666668636, 457.5737951356513
514.700000000197, 470.2293265014626
514.7333333335303, 486.4614818415777
514.7666666668636, 501.90095186638405
514.8000000001969, 512.1300103680442
514.8333333335302, 513.5226869068788
514.8666666668635, 507.7041997776056
514.9000000001968, 498.4373816055798
514.9333333335301, 489.49128242672145
514.9666666668634, 483.7160903935195
515.0000000001967, 480.5601463069023
515.03333333353, 478.6847076484363
515.0666666668633, 476.75402934834585
515.1000000001966, 473.94327841102466
515.1333333335299, 470.51171016849537
515.1666666668632, 466.85698506799577
515.2000000001965, 463.3734989718992
515.2333333335298, 460.3363446718739
515.2666666668631, 457.8698989606082
515.3000000001964, 456.08888367362084
515.3333333335297, 455.08568806815
515.366666666863, 454.62337814316834
515.4000000001963, 454.2139581677285
515.4333333335296, 453.36311428425614
515.4666666668629, 451.70484925038346
515.5000000001962, 449.82998751836266
515.5333333335295, 448.7615454078562
515.5666666668628, 449.5246505226496
515.6000000001961, 452.77124480577464
515.6333333335294, 457.62068788918253
515.6666666668627, 462.7989695254794
515.700000000196, 467.03433603012485
515.7333333335293, 469.63374787608416
515.7666666668626, 471.24845872149837
515.800000000196, 472.72013955744706
515.8333333335293, 474.87039824030626
515.8666666668626, 477.6432826741897
515.9000000001959, 479.78294096503316
515.9333333335292, 479.94700564929667
515.9666666668625, 477.02855545349996
516.0000000001958, 473.8028858439034
516.0333333335291, 476.2289291812621
516.0666666668624, 490.35962210458786
516.1000000001957, 520.931153669961
516.133333333529, 562.0136144644291
516.1666666668623, 602.5046715634539
516.2000000001956, 631.267915109587
516.2333333335289, 640.0429111664502
516.2666666668622, 633.233261864734
516.3000000001955, 618.7272755316695
516.3333333335288, 604.4037614151384
516.3666666668621, 594.7844833314632
516.4000000001954, 586.1160581393318
516.4333333335287, 573.3926684000215
516.466666666862, 551.8413046143531
516.5000000001953, 528.1659761773195
516.5333333335286, 525.558632086345
516.5666666668619, 568.4876300136178
516.6000000001952, 679.8469757912886
516.6333333335285, 854.7370690835528
516.6666666668618, 1064.465132459487
516.7000000001951, 1279.5701847283203
516.7333333335284, 1471.3390066866477
516.7666666668617, 1617.4043543605057
516.800000000195, 1698.5989341621248
516.8333333335283, 1695.7799474378469
516.8666666668616, 1598.4638414312803
516.900000000195, 1435.6815845868687
516.9333333335283, 1247.7291278212576
516.9666666668616, 1074.8714586405383
517.0000000001949, 944.3712639325953
517.0333333335282, 850.55211668449
517.0666666668615, 782.6003142951021
517.1000000001948, 729.7632175407575
517.1333333335281, 684.4485039621231
517.1666666668614, 643.692884906577
517.2000000001947, 604.901359071676
517.233333333528, 565.6574126985813
517.2666666668613, 526.7634048679056
517.3000000001946, 491.81377098397206
517.3333333335279, 464.4955329032459
517.3666666668612, 447.958936767754
517.4000000001945, 440.7569882094291
517.4333333335278, 439.10689641473425
517.4666666668611, 439.2074810875321
517.5000000001944, 437.9964056017016
517.5333333335277, 435.78771912970427
517.566666666861, 433.8593950488441
517.6000000001943, 433.48816013551743
517.6333333335276, 435.42694257495384
517.6666666668609, 439.1085301218617
517.7000000001942, 443.7609744141064
517.7333333335275, 448.6175605090975
517.7666666668608, 453.1751373042904
517.8000000001941, 457.3124460751849
517.8333333335274, 460.9381522320777
517.8666666668607, 464.03753246777256
517.900000000194, 467.94081195927197
517.9333333335273, 475.12558598091294
517.9666666668606, 488.1062324456622
518.000000000194, 509.25167466309114
518.0333333335273, 539.7202088205639
518.0666666668606, 580.0695016044723
518.1000000001939, 630.8528951886141
518.1333333335272, 690.73828596627
518.1666666668605, 750.0558088508866
518.2000000001938, 796.831600375548
518.2333333335271, 819.1105464817772
518.2666666668604, 810.9879455984455
518.3000000001937, 781.2454172053552
518.333333333527, 740.8497668656785
518.3666666668603, 700.6613767881558
518.4000000001936, 666.6936209341281
518.4333333335269, 638.2189512810969
518.4666666668602, 614.0116485116779
518.5000000001935, 592.8944147034579
518.5333333335268, 574.4796288549849
518.5666666668601, 559.0227095467462
518.6000000001934, 546.797780808392
518.6333333335267, 538.0094013063244
518.66666666686, 532.3199042695514
518.7000000001933, 529.137150139125
518.7333333335266, 527.8675322750761
518.7666666668599, 527.463298067662
518.8000000001932, 524.9986209430751
518.8333333335265, 517.0622665213842
518.8666666668598, 500.2686516537389
518.9000000001931, 477.05299813051664
518.9333333335264, 463.03063392678087
518.9666666668597, 475.63056116049563
519.000000000193, 531.8575088331442
519.0333333335263, 632.3228283707647
519.0666666668596, 756.4001034172428
519.100000000193, 882.0493620799778
519.1333333335263, 987.7697148108815
519.1666666668596, 1059.8830473379035
519.2000000001929, 1090.611078824645
519.2333333335262, 1072.3204016018335
519.2666666668595, 1000.8284017456089
519.3000000001928, 896.2632977847592
519.3333333335261, 789.1996844608747
519.3666666668594, 710.2524209012885
519.4000000001927, 680.437512359061
519.433333333526, 684.8969108244149
519.4666666668593, 700.3935111181167
519.5000000001926, 703.7629623138508
519.5333333335259, 682.5861235640701
519.5666666668592, 646.4484512524982
519.6000000001925, 607.6296667993694
519.6333333335258, 578.1575657523912
519.6666666668591, 562.2098096894126
519.7000000001924, 554.766849554687
519.7333333335257, 550.285675086405
519.766666666859, 543.5172836121046
519.8000000001923, 532.8675173789557
519.8333333335256, 519.2178311387314
519.8666666668589, 503.4965626979094
519.9000000001922, 486.81521398028246
519.9333333335255, 471.4130349465486
519.9666666668588, 459.9581356620106
520.0000000001921, 455.1191609799703
520.0333333335254, 458.4044568496665
520.0666666668587, 467.53227159478706
520.100000000192, 479.4482309039984
520.1333333335253, 491.10401615168547
520.1666666668586, 500.0141722937189
520.200000000192, 504.70521232073736
520.2333333335253, 503.80933399965073
520.2666666668586, 496.0609233726732
520.3000000001919, 482.66927881584326
520.3333333335252, 467.3898679651561
520.3666666668585, 454.09460171677074
520.4000000001918, 446.25894673373506
520.4333333335251, 443.27201274140043
520.4666666668584, 442.11507848340113
520.5000000001917, 439.7384140843342
520.533333333525, 433.95471040768666
520.5666666668583, 427.0707271295417
520.6000000001916, 422.85237698066885
520.6333333335249, 425.0641430066438
520.6666666668582, 435.85899797888703
520.7000000001915, 452.93091803553733
520.7333333335248, 473.2090695435732
520.7666666668581, 493.62329081624307
520.8000000001914, 511.1426435202028
520.8333333335247, 522.7963650000908
520.866666666858, 525.6187971516237
520.9000000001913, 516.8787634739424
520.9333333335246, 498.14921485315824
520.9666666668579, 474.7772148002046
521.0000000001912, 452.2377313249622
521.0333333335245, 435.4744394498841
521.0666666668578, 425.0159632880249
521.1000000001911, 419.20335868490247
521.1333333335244, 416.3620100111303
521.1666666668577, 415.11129434775063
521.200000000191, 415.3266889126982
521.2333333335243, 417.2190746599397
521.2666666668576, 421.00197923884275
521.300000000191, 427.506185355451
521.3333333335243, 438.9686838351902
521.3666666668576, 457.82131675232847
521.4000000001909, 486.3874392639371
521.4333333335242, 522.9555664336094
521.4666666668575, 560.6760633926983
521.5000000001908, 592.3660966398428
521.5333333335241, 611.3247382803291
521.5666666668574, 617.4431810452179
521.6000000001907, 615.3883694831144
521.633333333524, 609.9340075301633
521.6666666668573, 605.0813202139736
521.7000000001906, 599.7856363682793
521.7333333335239, 590.9764262404693
521.7666666668572, 575.577929008361
521.8000000001905, 552.1485736873924
521.8333333335238, 524.7870809723207
521.8666666668571, 498.7651363235852
521.9000000001904, 479.32488670550464
521.9333333335237, 468.80937792922805
521.966666666857, 464.26201148274373
522.0000000001903, 462.16105941461046
522.0333333335236, 459.07699315887777
522.0666666668569, 453.80991402247787
522.1000000001902, 447.4518703348082
522.1333333335235, 441.1995762096769
522.1666666668568, 436.2785230779394
522.2000000001901, 434.2039417122884
522.2333333335234, 436.6587080931788
522.2666666668567, 445.32774101810116
522.30000000019, 460.1842222735113
522.3333333335233, 472.63079062210574
522.3666666668566, 471.3932876284405
522.40000000019, 445.2252332250493
522.4333333335233, 397.0758322654281
522.4666666668566, 367.0145677850276
522.5000000001899, 401.103316522657
522.5333333335232, 544.3864777224181
522.5666666668565, 792.180333314312
522.6000000001898, 1068.6103494872182
522.6333333335231, 1292.3179961064727
522.6666666668564, 1386.3837371460868
522.7000000001897, 1345.0554980786615
522.733333333523, 1219.9001394889258
522.7666666668563, 1064.1130867864442
522.8000000001896, 926.0039427252779
522.8333333335229, 818.1008433654429
522.8666666668562, 737.0219489201689
522.9000000001895, 679.3130498885935
522.9333333335228, 640.4728008366094
522.9666666668561, 612.094564516294
523.0000000001894, 584.8614654362838
523.0333333335227, 549.5800540603258
523.066666666856, 512.8671948575542
523.1000000001893, 512.5284174217506
523.1333333335226, 590.0209262709662
523.1666666668559, 784.5197425693492
523.2000000001892, 1073.1986626369585
523.2333333335225, 1365.435285579607
523.2666666668558, 1567.1631312261413
523.3000000001891, 1593.6092049758438
523.3333333335224, 1460.2053569328907
523.3666666668557, 1243.497228933265
523.400000000189, 1020.9013872923315
523.4333333335223, 857.4482725910494
523.4666666668556, 753.1863574873829
523.500000000189, 686.9271403853576
523.5333333335223, 637.4797337538693
523.5666666668556, 589.5664504752415
523.6000000001889, 543.8809818159915
523.6333333335222, 503.78677123910546
523.6666666668555, 472.6041372146582
523.7000000001888, 451.4441607090495
523.7333333335221, 438.19502075679685
523.7666666668554, 430.4899315840929
523.8000000001887, 426.0057554928592
523.833333333522, 423.127613734083
523.8666666668553, 420.8155082089986
523.9000000001886, 418.04604866841777
523.9333333335219, 414.1304432204408
523.9666666668552, 410.82102178722363
524.0000000001885, 410.95192341073266
524.0333333335218, 417.3621033936179
524.0666666668551, 431.5857569940603
524.1000000001884, 450.3680888681404
524.1333333335217, 469.35584313222733
524.166666666855, 484.2099635905178
524.2000000001883, 492.24634473875426
524.2333333335216, 493.9615918663784
524.2666666668549, 490.2131281917294
524.3000000001882, 481.87137920456377
524.3333333335215, 470.13687593912306
524.3666666668548, 456.5584879444442
524.4000000001881, 442.70173693947135
524.4333333335214, 430.0635532993619
524.4666666668547, 419.44605889268666
524.500000000188, 411.2474498357913
524.5333333335213, 405.8609284640664
524.5666666668546, 403.48065440602863
524.600000000188, 403.3237409010382
524.6333333335213, 404.3079956964397
524.6666666668546, 405.3523579969482
524.7000000001879, 405.83987828660185
524.7333333335212, 406.31672282001824
524.7666666668545, 407.50832717796754
524.8000000001878, 410.1337810624056
524.8333333335211, 414.6443340379809
524.8666666668544, 421.13055013733924
524.9000000001877, 429.6575613070729
524.933333333521, 440.1988994166393
524.9666666668543, 451.4318416443884
525.0000000001876, 461.0725171314998
525.0333333335209, 466.8143615323012
525.0666666668542, 466.8177433245933
525.1000000001875, 462.2584476996484
525.1333333335208, 455.51038076194396
525.1666666668541, 448.9502994001945
525.2000000001874, 444.2991132483451
525.2333333335207, 441.1578363300129
525.266666666854, 438.6999575948977
525.3000000001873, 436.105303274748
525.3333333335206, 433.0413629700258
525.3666666668539, 430.0007527227057
525.4000000001872, 427.55582701701655
525.4333333335205, 426.2418769830298
525.4666666668538, 425.8521580624364
525.5000000001871, 425.4944983078337
525.5333333335204, 424.25100643163705
525.5666666668537, 421.34966989172506
525.600000000187, 417.24418567269475
525.6333333335203, 413.0011933947061
525.6666666668536, 409.69188048663744
525.700000000187, 408.146844188901
525.7333333335202, 408.2088047732891
525.7666666668536, 409.4669659872725
525.8000000001869, 411.51193635704806
525.8333333335202, 414.16198187501436
525.8666666668535, 417.71252402481485
525.9000000001868, 422.51903090967807
525.9333333335201, 428.9070702514943
525.9666666668534, 436.3395810949258
526.0000000001867, 443.3068060166525
526.03333333352, 448.24697408929325
526.0666666668533, 449.951143346055
526.1000000001866, 451.0364026259661
526.1333333335199, 456.46338407711283
526.1666666668532, 471.2265337092556
526.2000000001865, 498.3044665490061
526.2333333335198, 530.3713958400798
526.2666666668531, 556.8176479064008
526.3000000001864, 567.0461655351488
526.3333333335197, 556.5559260009785
526.366666666853, 536.4483873997006
526.4000000001863, 520.2858078957881
526.4333333335196, 521.4995760196838
526.4666666668529, 547.9513699657889
526.5000000001862, 599.9756277735329
526.5333333335195, 677.3732449814938
526.5666666668528, 778.475158473918
526.6000000001861, 881.1823624583262
526.6333333335194, 948.4326924234842
526.6666666668527, 942.8207283045522
526.700000000186, 841.6531284999718
526.7333333335193, 714.1322599968277
526.7666666668526, 664.8743414179088
526.800000000186, 798.5399010852475
526.8333333335192, 1162.390747506295
526.8666666668526, 1627.0728389549702
526.9000000001859, 2029.3723800336745
526.9333333335192, 2207.6391139667385
526.9666666668525, 2101.1208579770087
527.0000000001858, 1809.6738262761714
527.0333333335191, 1447.4748364706568
527.0666666668524, 1125.015752480281
527.1000000001857, 887.6340409592381
527.133333333519, 724.8373787455423
527.1666666668523, 624.32736776661
527.2000000001856, 573.4220480904553
527.2333333335189, 556.5621784152792
527.2666666668522, 556.8820834330926
527.3000000001855, 557.5096965406528
527.3333333335188, 546.2592586862368
527.3666666668521, 527.9732961713148
527.4000000001854, 511.36083382083336
527.4333333335187, 505.07224315306297
527.466666666852, 511.846127743467
527.5000000001853, 523.5275301101044
527.5333333335186, 530.7882256696361
527.5666666668519, 524.6677331783698
527.6000000001852, 504.39861597392047
527.6333333335185, 477.26188126134616
527.6666666668518, 450.8773565679019
527.7000000001851, 432.1377261847746
527.7333333335184, 421.4981208153461
527.7666666668517, 416.05236221858615
527.800000000185, 412.8650699070019
527.8333333335183, 409.68955667352697
527.8666666668516, 407.17415348158704
527.900000000185, 406.72777380451606
527.9333333335182, 409.7564328938227
527.9666666668516, 417.19627735401
528.0000000001849, 428.99878950516796
528.0333333335182, 444.99156091017255
528.0666666668515, 465.04281646970713
528.1000000001848, 490.1462826106798
528.1333333335181, 522.5387445179917
528.1666666668514, 564.5212049278563
528.2000000001847, 617.5652300401613
528.233333333518, 674.6354176705426
528.2666666668513, 723.7029941514419
528.3000000001846, 752.6756203844465
528.3333333335179, 752.3017638373643
528.3666666668512, 726.8461351168852
528.4000000001845, 684.5889999090847
528.4333333335178, 633.8065762925069
528.4666666668511, 581.5264942936614
528.5000000001844, 531.8553127600605
528.5333333335177, 488.4824925435509
528.566666666851, 455.0214011323777
528.6000000001843, 432.51401339913235
528.6333333335176, 418.86992752250114
528.6666666668509, 411.8090799896817
528.7000000001842, 409.0956101057866
528.7333333335175, 409.0082482660337
528.7666666668508, 410.1580676637356
528.8000000001841, 411.1616962192448
528.8333333335174, 410.8345666002895
528.8666666668507, 409.03978718428806
528.900000000184, 405.9843425076699
528.9333333335173, 401.8759913373434
528.9666666668506, 397.1721162812938
529.000000000184, 392.96950451425124
529.0333333335172, 390.46587606137854
529.0666666668506, 390.82920274326665
529.1000000001839, 394.03222343206806
529.1333333335172, 398.4722172630101
529.1666666668505, 402.43884653168317
529.2000000001838, 404.33831738850216
529.2333333335171, 404.0822650988145
529.2666666668504, 402.6302228823123
529.3000000001837, 400.96297977008584
529.333333333517, 399.9243936592824
529.3666666668503, 399.57631838824136
529.4000000001836, 399.7034427774166
529.4333333335169, 400.0900664626698
529.4666666668502, 400.4761502964334
529.5000000001835, 400.4798072645012
529.5333333335168, 399.69840249758454
529.5666666668501, 397.7404573444422
529.6000000001834, 394.72991401693525
529.6333333335167, 391.51179893022555
529.66666666685, 388.98488663800254
529.7000000001833, 388.0003695056802
529.7333333335166, 388.744355377015
529.7666666668499, 390.9139365219431
529.8000000001832, 394.1948840427948
529.8333333335165, 398.12415948219973
529.8666666668498, 401.3380406408285
529.9000000001831, 402.1356898977119
529.9333333335164, 398.81767267009724
529.9666666668497, 391.7307453308788
530.000000000183, 387.1290412947301
530.0333333335163, 392.3264460826092
530.0666666668496, 414.48635691031853
530.100000000183, 453.0980319774039
530.1333333335162, 496.4757675778732
530.1666666668496, 532.0520582579921
530.2000000001829, 547.9850601947089
530.2333333335162, 543.1136888452723
530.2666666668495, 524.4091882676062
530.3000000001828, 499.04687578291646
530.3333333335161, 473.5844158018593
530.3666666668494, 450.7065824386853
530.4000000001827, 431.6003578423113
530.433333333516, 417.44908529480085
530.4666666668493, 408.9060926798491
530.5000000001826, 405.05142667985615
530.5333333335159, 404.6745642843531
530.5666666668492, 406.5640093025668
530.6000000001825, 409.45600345041146
530.6333333335158, 412.0091224599791
530.6666666668491, 412.87563682219115
530.7000000001824, 410.81479278461484
530.7333333335157, 406.196783126978
530.766666666849, 400.6371852670543
530.8000000001823, 395.7839184077593
530.8333333335156, 393.0165620611786
530.8666666668489, 392.0114535642947
530.9000000001822, 391.7787906100069
530.9333333335155, 391.3275171298192
530.9666666668488, 390.06675840687694
531.0000000001821, 388.6006695229979
531.0333333335154, 387.7554995484172
531.0666666668487, 388.3453966496714
531.100000000182, 390.533858806974
531.1333333335153, 393.5169976005629
531.1666666668486, 396.41233583004407
531.200000000182, 398.3647841557047
531.2333333335152, 398.92893576477104
531.2666666668486, 397.97469638196475
531.3000000001819, 395.380079091824
531.3333333335152, 391.4394741797586
531.3666666668485, 389.06101742692977
531.4000000001818, 392.1647193910545
531.4333333335151, 404.67117563562044
531.4666666668484, 428.5615182233824
531.5000000001817, 460.11641571128814
531.533333333515, 494.57452042557406
531.5666666668483, 527.1821482115905
531.6000000001816, 553.5778148792402
531.6333333335149, 569.9719625956158
531.6666666668482, 572.6202536129719
531.7000000001815, 558.2193763993328
531.7333333335148, 529.829504714108
531.7666666668481, 495.2916802614277
531.8000000001814, 462.56331182708914
531.8333333335147, 438.58294500978656
531.866666666848, 424.1088866952328
531.9000000001813, 417.5815508646575
531.9333333335146, 417.43651855983586
531.9666666668479, 421.47533235941836
532.0000000001812, 425.7047695478544
532.0333333335145, 425.81624993330263
532.0666666668478, 417.6389697976674
532.1000000001811, 403.4028917705044
532.1333333335144, 394.31337240993383
532.1666666668477, 402.2469899129519
532.200000000181, 438.5252430009835
532.2333333335143, 506.95944114779843
532.2666666668476, 605.9611362652292
532.300000000181, 733.8233408328689
532.3333333335142, 884.4638339089539
532.3666666668476, 1026.7350695451119
532.4000000001809, 1120.5791780630086
532.4333333335142, 1125.9695872500536
532.4666666668475, 1026.716494327559
532.5000000001808, 870.2372317487694
532.5333333335141, 714.4442916218727
532.5666666668474, 616.6027211576547
532.6000000001807, 607.781167027353
532.633333333514, 684.411886184348
532.6666666668473, 840.5503120127286
532.7000000001806, 1067.104014073263
532.7333333335139, 1316.0857207212862
532.7666666668472, 1513.2770931899656
532.8000000001805, 1583.9685342320759
532.8333333335138, 1473.4576451269604
532.8666666668471, 1232.8958418005852
532.9000000001804, 948.3116584595333
532.9333333335137, 705.6669695119974
532.966666666847, 560.2412512852001
533.0000000001803, 491.72472227541755
533.0333333335136, 468.374450826553
533.0666666668469, 458.88576798500657
533.1000000001802, 446.8814622049113
533.1333333335135, 434.23626618813853
533.1666666668468, 423.93651066025205
533.2000000001801, 418.65616863275096
533.2333333335134, 417.62884036739973
533.2666666668467, 417.95588818747194
533.30000000018, 416.7068634899315
533.3333333335133, 411.6688120179117
533.3666666668466, 404.0582857870177
533.40000000018, 396.1153381687003
533.4333333335132, 390.0760078744863
533.4666666668465, 387.29061600726976
533.5000000001799, 387.1349941324175
533.5333333335132, 388.7180700511391
533.5666666668465, 391.14162623276485
533.6000000001798, 393.30789467774173
533.6333333335131, 393.89778381839386
533.6666666668464, 391.58068749040905
533.7000000001797, 385.53271857573577
533.733333333513, 379.797624759399
533.7666666668463, 381.13348299307734
533.8000000001796, 396.3278146948562
533.8333333335129, 430.0205433716567
533.8666666668462, 477.77818691561765
533.9000000001795, 532.7714452822461
533.9333333335128, 588.1697645555447
533.9666666668461, 636.981895602787
534.0000000001794, 671.8986018671773
534.0333333335127, 685.5732759042891
534.066666666846, 671.0998036281694
534.1000000001793, 631.4650519278279
534.1333333335126, 579.4182274917752
534.1666666668459, 528.1229006844741
534.2000000001792, 489.4304797771388
534.2333333335125, 464.41353353905
534.2666666668458, 448.85545907846745
534.3000000001791, 438.5031752735734
534.3333333335124, 429.937114541445
534.3666666668457, 422.78233800510145
534.400000000179, 417.3588894421223
534.4333333335123, 413.98099363952343
534.4666666668456, 412.48847434565437
534.5000000001789, 411.90301296210646
534.5333333335122, 411.16525581068527
534.5666666668455, 409.2741296762768
534.6000000001789, 406.26672133875246
534.6333333335122, 403.0738059590536
534.6666666668455, 400.65534129981154
534.7000000001788, 399.85146233487643
534.7333333335121, 400.67576560799307
534.7666666668454, 402.7932899928553
534.8000000001787, 405.8678247881882
534.833333333512, 409.5159730515653
534.8666666668453, 413.2084019631704
534.9000000001786, 416.38765259757156
534.9333333335119, 418.49975427991666
534.9666666668452, 419.175010743043
535.0000000001785, 418.3158240665827
535.0333333335118, 415.84649005200356
535.0666666668451, 411.7941698552926
535.1000000001784, 407.6250265442099
535.1333333335117, 405.8638746458681
535.166666666845, 409.06007003084835
535.2000000001783, 418.95765919995483
535.2333333335116, 432.71694357959035
535.2666666668449, 445.8787328724393
535.3000000001782, 453.9862030124427
535.3333333335115, 454.47031500598854
535.3666666668448, 449.61604934157873
535.4000000001781, 442.47780845368294
535.4333333335114, 436.0650064354534
535.4666666668447, 431.8018113554156
535.500000000178, 429.1430822581327
535.5333333335113, 427.4207422068748
535.5666666668446, 426.0099539483255
535.6000000001779, 424.7572739313198
535.6333333335112, 423.7991661328829
535.6666666668445, 423.27632592999737
535.7000000001779, 423.35718099601013
535.7333333335112, 424.3380783542974
535.7666666668445, 426.5522234815027
535.8000000001778, 430.32995451893055
535.8333333335111, 435.52919156154724
535.8666666668444, 441.0139464788875
535.9000000001777, 445.5225985096673
535.933333333511, 447.8776824725666
535.9666666668443, 448.9313280638714
536.0000000001776, 451.6189074477555
536.0333333335109, 458.97068017584917
536.0666666668442, 473.4772268406764
536.1000000001775, 493.07677540254844
536.1333333335108, 513.4235908651332
536.1666666668441, 530.1548378809968
536.2000000001774, 541.3240397213698
536.2333333335107, 553.836928234622
536.266666666844, 576.6258235386819
536.3000000001773, 618.5074863307422
536.3333333335106, 679.3357089459354
536.3666666668439, 743.7589271434805
536.4000000001772, 794.9511340298428
536.4333333335105, 817.1979012434986
536.4666666668438, 813.5248907020405
536.5000000001771, 802.5440529587203
536.5333333335104, 803.341434938597
536.5666666668437, 831.0675011082074
536.600000000177, 875.3989079403729
536.6333333335103, 915.8696458137736
536.6666666668436, 931.9975294073242
536.7000000001769, 912.5940256546164
536.7333333335102, 873.0080342981461
536.7666666668435, 833.2943587478284
536.8000000001769, 813.2668008187347
536.8333333335102, 822.5394790693198
536.8666666668435, 856.9750685499807
536.9000000001768, 911.464951700138
536.9333333335101, 980.7748019982506
536.9666666668434, 1058.1654281874767
537.0000000001767, 1135.9056967178817
537.03333333351, 1206.2469691263332
537.0666666668433, 1260.4854729933531
537.1000000001766, 1285.2272774052185
537.1333333335099, 1265.6411822249825
537.1666666668432, 1186.9693348951832
537.2000000001765, 1049.041284685492
537.2333333335098, 883.7357760141571
537.2666666668431, 727.1919906985025
537.3000000001764, 614.5325381001932
537.3333333335097, 555.1026905163517
537.366666666843, 531.064424132694
537.4000000001763, 523.2817022375167
537.4333333335096, 514.2882077634787
537.4666666668429, 500.9454825382371
537.5000000001762, 487.4064360630307
537.5333333335095, 477.8816886866225
537.5666666668428, 475.2940653171775
537.6000000001761, 477.8490425660226
537.6333333335094, 482.6722245744856
537.6666666668427, 486.91110195339746
537.700000000176, 489.3410439405367
537.7333333335093, 491.4604349639605
537.7666666668426, 495.02691380198826
537.8000000001759, 501.68413220706054
537.8333333335092, 511.2345662458163
537.8666666668425, 521.9906353262344
537.9000000001759, 532.2219826630638
537.9333333335092, 540.3675730046909
537.9666666668425, 545.9102547776912
538.0000000001758, 548.7303256981021
538.0333333335091, 548.7169173575332
538.0666666668424, 550.5665097022924
538.1000000001757, 571.8992570911875
538.133333333509, 632.484771285982
538.1666666668423, 751.2755918436804
538.2000000001756, 917.5858556344815
538.2333333335089, 1083.4146458509153
538.2666666668422, 1198.3830655908564
538.3000000001755, 1217.002024707157
538.3333333335088, 1146.1000242668556
538.3666666668421, 1024.2268707729952
538.4000000001754, 890.3768320317511
538.4333333335087, 777.2151682337079
538.466666666842, 689.5586142123565
538.5000000001753, 624.5665715285348
538.5333333335086, 579.3932863484457
538.5666666668419, 550.5787944053443
538.6000000001752, 533.4607455631711
538.6333333335085, 523.2373083872033
538.6666666668418, 515.2756833903157
538.7000000001751, 508.3871844858386
538.7333333335084, 504.59744717464395
538.7666666668417, 506.0551118398994
538.800000000175, 514.3485390671485
538.8333333335083, 527.0078557848436
538.8666666668416, 539.7760968532796
538.9000000001749, 548.3891935503038
538.9333333335082, 549.8970853081594
538.9666666668415, 545.4108667671014
539.0000000001749, 536.8237865130717
539.0333333335082, 526.0609649037137
539.0666666668415, 516.5636129435542
539.1000000001748, 513.919610555025
539.1333333335081, 523.879626409991
539.1666666668414, 551.39108209723
539.2000000001747, 591.4238300842828
539.233333333508, 632.1931400793974
539.2666666668413, 661.7865442299569
539.3000000001746, 670.339544858039
539.3333333335079, 658.0900057311644
539.3666666668412, 628.3854119514634
539.4000000001745, 584.6000741110131
539.4333333335078, 534.8271220357419
539.4666666668411, 497.32602657315726
539.5000000001744, 491.67742634127876
539.5333333335077, 536.4126860852731
539.566666666841, 625.3749012666466
539.6000000001743, 727.4065877661996
539.6333333335076, 810.2385224382112
539.6666666668409, 845.4263407950625
539.7000000001742, 834.8475167711075
539.7333333335075, 794.8172730082847
539.7666666668408, 741.7388121351725
539.8000000001741, 690.0615056092091
539.8333333335074, 647.7399626022614
539.8666666668407, 621.3809974442343
539.900000000174, 617.4517512927641
539.9333333335073, 634.7569112968546
539.9666666668406, 660.6197498754414
540.0000000001739, 681.4206996819945
540.0333333335072, 684.6704381942396
540.0666666668405, 672.9000963192389
540.1000000001738, 659.3066902408959
540.1333333335072, 657.3144404580266
540.1666666668405, 678.5324848498616
540.2000000001738, 725.2089824867182
540.2333333335071, 796.5830466311098
540.2666666668404, 891.8703439054663
540.3000000001737, 1005.6847116732123
540.333333333507, 1122.4058470995155
540.3666666668403, 1225.0338240169992
540.4000000001736, 1296.9041805749591
540.4333333335069, 1329.5546344698319
540.4666666668402, 1323.0048259297853
540.5000000001735, 1277.6658278240377
540.5333333335068, 1195.219040269108
540.5666666668401, 1087.5727204995849
540.6000000001734, 971.568748500318
540.6333333335067, 864.0800612603615
540.66666666684, 777.7980506213578
540.7000000001733, 711.4567869828968
540.7333333335066, 660.8817478605476
540.7666666668399, 621.9789085007563
540.8000000001732, 595.011794195019
540.8333333335065, 586.73970552457
540.8666666668398, 604.4515698608643
540.9000000001731, 654.2462633120263
540.9333333335064, 726.7191575438827
540.9666666668397, 801.6091314912042
541.000000000173, 858.4315609562507
541.0333333335063, 880.6196314284005
541.0666666668396, 871.2922962924079
541.1000000001729, 839.7381368853819
541.1333333335062, 795.2495067784134
541.1666666668395, 747.4100280426059
541.2000000001728, 706.4298635150378
541.2333333335062, 682.6004511629766
541.2666666668395, 685.8945455154052
541.3000000001728, 719.0368057128951
541.3333333335061, 777.54885407071
541.3666666668394, 856.6426412883072
541.4000000001727, 949.8520712674369
541.433333333506, 1037.9932556429917
541.4666666668393, 1096.0561195833138
541.5000000001726, 1099.0056516809566
541.5333333335059, 1033.9049257269687
541.5666666668392, 925.6653234598007
541.6000000001725, 806.5795477307569
541.6333333335058, 708.5633902489265
541.6666666668391, 646.2641315225488
541.7000000001724, 610.2536524274437
541.7333333335057, 589.3182435787133
541.766666666839, 572.8738773150329
541.8000000001723, 557.716401049289
541.8333333335056, 545.4314339792602
541.8666666668389, 537.685717920523
541.9000000001722, 535.6925586334575
541.9333333335055, 538.5960637863586
541.9666666668388, 544.9504318786662
542.0000000001721, 553.3183024678353
542.0333333335054, 563.3064836834225
542.0666666668387, 576.559195243476
542.100000000172, 594.9560710793654
542.1333333335053, 620.5776204610409
542.1666666668386, 659.3440084757916
542.2000000001719, 720.6258078232959
542.2333333335052, 813.9163379625528
542.2666666668385, 943.8536431297694
542.3000000001718, 1082.8739923149417
542.3333333335052, 1190.3052103045097
542.3666666668385, 1225.465237548772
542.4000000001718, 1167.0741307453104
542.4333333335051, 1047.0395522080426
542.4666666668384, 906.3019621562659
542.5000000001717, 785.1327448394561
542.533333333505, 700.8506327613043
542.5666666668383, 642.6154004314021
542.6000000001716, 597.8628245855692
542.6333333335049, 555.4479402114407
542.6666666668382, 518.0706484719984
542.7000000001715, 496.24556297327564
542.7333333335048, 500.5754270275219
542.7666666668381, 537.9696463160519
542.8000000001714, 601.0595747147088
542.8333333335047, 679.0267535831517
542.866666666838, 761.0302744491751
542.9000000001713, 834.5852022823207
542.9333333335046, 884.471076598298
542.9666666668379, 895.2087850089569
543.0000000001712, 852.8617144983093
543.0333333335045, 766.3129484400847
543.0666666668378, 661.8798485126583
543.1000000001711, 566.3206670336957
543.1333333335044, 502.4519242839089
543.1666666668377, 471.727347256179
543.200000000171, 468.3972568490323
543.2333333335043, 486.7032879613843
543.2666666668376, 520.1844936657902
543.3000000001709, 560.7959659512115
543.3333333335042, 600.275910236575
543.3666666668375, 630.508073409596
543.4000000001708, 646.8246067826601
543.4333333335042, 648.0631000268949
543.4666666668375, 633.2180920312536
543.5000000001708, 602.1277155267474
543.5333333335041, 561.035464334719
543.5666666668374, 519.1239069907756
543.6000000001707, 485.58924708708145
543.633333333504, 466.51847330837023
543.6666666668373, 458.48482777218805
543.7000000001706, 456.2481474533805
543.7333333335039, 454.63181859931024
543.7666666668372, 451.1005905819278
543.8000000001705, 446.6527059286893
543.8333333335038, 442.53313204545555
543.8666666668371, 439.90566383502454
543.9000000001704, 439.0605164207757
543.9333333335037, 439.75587783609404
543.966666666837, 441.74238535437286
544.0000000001703, 444.69210370316085
544.0333333335036, 447.95128291344383
544.0666666668369, 450.7817333487737
544.1000000001702, 452.4562306452832
544.1333333335035, 453.1822398394547
544.1666666668368, 454.80255055625514
544.2000000001701, 459.32494214362384
544.2333333335034, 468.6521403939512
544.2666666668367, 483.0447647291253
544.30000000017, 501.46244705175485
544.3333333335033, 522.8291512012166
544.3666666668366, 546.4169108712728
544.4000000001699, 573.4370206275759
544.4333333335032, 605.7721694860622
544.4666666668365, 645.2984486329497
544.5000000001698, 692.1870951273845
544.5333333335032, 742.7195264999978
544.5666666668365, 792.6372400738281
544.6000000001698, 837.5691558973065
544.6333333335031, 870.4834829703829
544.6666666668364, 881.647418158939
544.7000000001697, 861.2075202660949
544.733333333503, 801.933368078284
544.7666666668363, 716.1730918720943
544.8000000001696, 625.1259995998663
544.8333333335029, 550.0296188969113
544.8666666668362, 505.2550907361588
544.9000000001695, 484.77603240156293
544.9333333335028, 478.79583881315517
544.9666666668361, 477.6402729583544
545.0000000001694, 476.28909217608634
545.0333333335027, 475.70879948125656
545.066666666836, 477.26012618891326
545.1000000001693, 482.0302094569363
545.1333333335026, 488.357865010017
545.1666666668359, 492.99455110355876
545.2000000001692, 492.67249438768704
545.2333333335025, 486.71069916329355
545.2666666668358, 484.3961271021669
545.3000000001691, 497.4163895351527
545.3333333335024, 537.3162426565324
545.3666666668357, 606.0062846876326
545.400000000169, 689.8186780863577
545.4333333335023, 773.6671148477385
545.4666666668356, 842.8125380613089
545.5000000001689, 887.2648880220343
545.5333333335022, 900.4740082992397
545.5666666668355, 875.9666091779156
545.6000000001688, 811.0557361958646
545.6333333335022, 721.799753201211
545.6666666668355, 630.0475393212955
545.7000000001688, 557.5798961657855
545.7333333335021, 516.3982833180331
545.7666666668354, 498.7449630081086
545.8000000001687, 494.4812634243242
545.833333333502, 493.7503371238011
545.8666666668353, 492.0430724711622
545.9000000001686, 489.63489191449634
545.9333333335019, 486.9699644518743
545.9666666668352, 484.720079934329
546.0000000001685, 484.9928050750574
546.0333333335018, 490.4540237153566
546.0666666668351, 503.76738138392733
546.1000000001684, 526.2396995825161
546.1333333335017, 555.7693020810045
546.166666666835, 589.7277859613374
546.2000000001683, 625.4071115419883
546.2333333335016, 657.9438406449402
546.2666666668349, 680.1222786254849
546.3000000001682, 684.6076281794308
546.3333333335015, 665.5377704101978
546.3666666668348, 628.8363488074813
546.4000000001681, 586.0841383447629
546.4333333335014, 548.8960950985322
546.4666666668347, 525.560173135686
546.500000000168, 514.028216908016
546.5333333335013, 510.25071086618334
546.5666666668346, 510.2035854973991
546.6000000001679, 510.8836820722348
546.6333333335012, 510.6326747995121
546.6666666668345, 507.88401452747183
546.7000000001678, 501.263926173567
546.7333333335012, 491.35395211110733
546.7666666668345, 479.8735205736183
546.8000000001678, 468.5561707119305
546.8333333335011, 458.8817947509647
546.8666666668344, 451.36293265353356
546.9000000001677, 446.281550313022
546.933333333501, 443.9070224210242
546.9666666668343, 443.71887520938566
547.0000000001676, 443.9521833105703
547.0333333335009, 442.73257715449364
547.0666666668342, 438.4337403324447
547.1000000001675, 432.6227623038802
547.1333333335008, 429.0843212711996
547.1666666668341, 431.6478127471365
547.2000000001674, 442.91953828883203
547.2333333335007, 459.8425984746034
547.266666666834, 477.722159802962
547.3000000001673, 491.8862309672841
547.3333333335006, 500.0945636816728
547.3666666668339, 504.6513109704574
547.4000000001672, 508.3586824073726
547.4333333335005, 513.9789701609006
547.4666666668338, 523.6199961395695
547.5000000001671, 538.854819358005
547.5333333335004, 561.2408295618817
547.5666666668337, 590.9965064750857
547.600000000167, 620.8970452636803
547.6333333335003, 641.1460892263701
547.6666666668336, 641.9744170588192
547.7000000001669, 619.4862244493559
547.7333333335002, 582.6995522456149
547.7666666668335, 542.3506177705904
547.8000000001668, 508.87796870618774
547.8333333335001, 486.4739289831538
547.8666666668335, 473.4008849394114
547.9000000001668, 467.6868640529596
547.9333333335001, 467.3686569435341
547.9666666668334, 470.540991654021
548.0000000001667, 475.32211383133205
548.0333333335, 479.8314287616815
548.0666666668333, 482.66989442583986
548.1000000001666, 483.67382985644224
548.1333333334999, 482.8748845079801
548.1666666668332, 480.3143881020049
548.2000000001665, 476.29519809034934
548.2333333334998, 471.4053185042916
548.2666666668331, 466.24716848506847
548.3000000001664, 461.3636104800211
548.3333333334997, 456.8332245958893
548.366666666833, 452.51666992372117
548.4000000001663, 448.27350693019946
548.4333333334996, 444.17022597820005
548.4666666668329, 440.8871482862092
548.5000000001662, 439.21788405329755
548.5333333334995, 439.941950990938
548.5666666668328, 443.34550129541736
548.6000000001661, 449.1036364666399
548.6333333334994, 456.8534902898779
548.6666666668327, 466.14375473900606
548.700000000166, 475.7168887706661
548.7333333334993, 483.8842474027336
548.7666666668326, 488.9531948123737
548.8000000001659, 489.7849887213556
548.8333333334992, 487.12182223308105
548.8666666668325, 482.10477917255776
548.9000000001658, 475.870128644444
548.9333333334991, 469.3343515597874
548.9666666668325, 463.1079687143802
549.0000000001658, 457.77885845575537
549.0333333334991, 453.88215700235713
549.0666666668324, 451.395520249292
549.1000000001657, 449.96171258497054
549.133333333499, 449.218931727622
549.1666666668323, 449.00012433675937
549.2000000001656, 449.8868330650917
549.2333333334989, 452.6404439602146
549.2666666668322, 458.0006014552048
549.3000000001655, 465.4062922594782
549.3333333334988, 472.2826880274453
549.3666666668321, 475.88198640071505
549.4000000001654, 473.7694264080519
549.4333333334987, 467.31208985550836
549.466666666832, 460.409412693868
549.5000000001653, 457.006759223555
549.5333333334986, 460.0927467459797
549.5666666668319, 468.54485770241735
549.6000000001652, 480.136557950752
549.6333333334985, 492.64202268698057
549.6666666668318, 503.8922818687006
549.7000000001651, 511.8152456242686
549.7333333334984, 514.3482724300884
549.7666666668317, 509.6479912882738
549.800000000165, 498.9001747054611
549.8333333334983, 485.50001365503397
549.8666666668316, 472.89289017759575
549.9000000001649, 464.0747318841761
549.9333333334982, 459.9098976006477
549.9666666668315, 460.6314843362595
550.0000000001648, 466.46108510450523
550.0333333334981, 476.44395394647825
550.0666666668315, 487.4429007720424
550.1000000001648, 496.083682237635
550.1333333334981, 499.20057466714445
550.1666666668314, 496.86754804135285
550.2000000001647, 491.7151269858903
550.233333333498, 486.443321482173
550.2666666668313, 483.19110905126564
550.3000000001646, 481.19756586597254
550.3333333334979, 478.767586515158
550.3666666668312, 474.2190782165882
550.4000000001645, 467.67828248331125
550.4333333334978, 462.8842469237234
550.4666666668311, 464.00552319457444
550.5000000001644, 474.8944579556161
550.5333333334977, 493.94885831188014
550.566666666831, 514.9639941880195
550.6000000001643, 531.5908733161676
550.6333333334976, 538.533868796678
550.6666666668309, 536.3570264752374
550.7000000001642, 527.6500763671597
550.7333333334975, 515.003301448202
550.7666666668308, 500.768159175001
550.8000000001641, 486.78808655068815
550.8333333334974, 474.841472752196
550.8666666668307, 466.62160418476896
550.900000000164, 462.21531130485613
550.9333333334973, 460.2766678318332
550.9666666668306, 459.40952721718395
551.0000000001639, 458.4111728234472
551.0333333334972, 457.2221876735868
551.0666666668305, 456.20170143838175
551.1000000001638, 455.7077389918941
551.1333333334971, 455.7255167399816
551.1666666668305, 455.40567182150886
551.2000000001638, 453.7854829869754
551.2333333334971, 449.960472446425
551.2666666668304, 444.21000286275626
551.3000000001637, 437.9167115600729
551.333333333497, 432.5053410674976
551.3666666668303, 429.1819303143689
551.4000000001636, 427.79678835223194
551.4333333334969, 427.6814224947838
551.4666666668302, 428.16664074975455
551.5000000001635, 428.6738200833811
551.5333333334968, 428.8351858818137
551.5666666668301, 428.312904525998
551.6000000001634, 426.79217875899315
551.6333333334967, 424.4535455421757
551.66666666683, 421.9544341971662
551.7000000001633, 419.97162037150014
551.7333333334966, 419.0940571637365
551.7666666668299, 419.34727640044736
551.8000000001632, 420.5342901960764
551.8333333334965, 422.45706049968163
551.8666666668298, 424.76764265178485
551.9000000001631, 426.7595403932892
551.9333333334964, 427.673775558015
551.9666666668297, 426.7937237925655
552.000000000163, 424.3480706176878
552.0333333334963, 421.4950680345213
552.0666666668296, 419.43217289983465
552.1000000001629, 419.1253623706402
552.1333333334962, 420.0243157408694
552.1666666668295, 420.9683829753367
552.2000000001628, 420.79716412595354
552.2333333334961, 418.96761886713404
552.2666666668295, 416.4352521317398
552.3000000001628, 414.37854031161766
552.3333333334961, 413.93767718083694
552.3666666668294, 415.3834107028446
552.4000000001627, 418.12314037733324
552.433333333496, 421.52720257452546
552.4666666668293, 424.9790815516885
552.5000000001626, 427.9490059542169
552.5333333334959, 429.9423480941853
552.5666666668292, 430.4653873100895
552.6000000001625, 429.2871368848748
552.6333333334958, 426.8158579402249
552.6666666668291, 423.5551749802194
552.7000000001624, 420.01012494439004
552.7333333334957, 416.71772896719705
552.766666666829, 414.2467160482611
552.8000000001623, 413.16717235539596
552.8333333334956, 413.90558842231866
552.8666666668289, 415.94725057030814
552.9000000001622, 418.39838351759676
552.9333333334955, 420.36516551016086
552.9666666668288, 421.2605642274263
553.0000000001621, 421.23651634752935
553.0333333334954, 420.55397393633984
553.0666666668287, 419.4720535001349
553.100000000162, 418.20925953540365
553.1333333334953, 416.94435713352243
553.1666666668286, 415.8544503730206
553.2000000001619, 415.15837215462574
553.2333333334952, 415.34299297314067
553.2666666668285, 417.0011618156623
553.3000000001618, 420.7251502178265
553.3333333334951, 426.8766744860138
553.3666666668285, 435.2744176719337
553.4000000001618, 445.65893388180507
553.433333333495, 457.69844525527463
553.4666666668284, 469.52806106979136
553.5000000001617, 477.81896460883314
553.533333333495, 479.183853813611
553.5666666668283, 471.10745906003893
553.6000000001616, 456.4898389832212
553.6333333334949, 440.30677302033166
553.6666666668282, 427.5296642807476
553.7000000001615, 421.1306134243774
553.7333333334948, 419.53309233960397
553.7666666668281, 420.53125280169587
553.8000000001614, 421.9778756259417
553.8333333334947, 422.89414273205375
553.866666666828, 423.37757575456413
553.9000000001613, 423.56587420483686
553.9333333334946, 423.539639771013
553.9666666668279, 423.04121756932545
554.0000000001612, 421.6888567922546
554.0333333334945, 419.10513573305457
554.0666666668278, 415.7616784985675
554.1000000001611, 413.9736352580204
554.1333333334944, 416.2979084614931
554.1666666668277, 425.1073425112682
554.200000000161, 439.3852859331594
554.2333333334943, 455.1371098242444
554.2666666668276, 468.2668634229029
554.3000000001609, 475.30036586393913
554.3333333334942, 476.2315644671386
554.3666666668275, 472.25641736806466
554.4000000001608, 464.574239083815
554.4333333334941, 454.7063401441109
554.4666666668275, 444.83344147867024
554.5000000001608, 437.2170043873925
554.533333333494, 433.9705956764813
554.5666666668274, 434.7304628168669
554.6000000001607, 437.0808465836714
554.633333333494, 438.5441029604572
554.6666666668273, 437.13501026028496
554.7000000001606, 433.4213091496075
554.7333333334939, 428.7955673238574
554.7666666668272, 424.64718687140873
554.8000000001605, 421.95822709289246
554.8333333334938, 420.93298603086924
554.8666666668271, 421.6882385395967
554.9000000001604, 424.29099250437724
554.9333333334937, 428.06062399521323
554.966666666827, 431.73945757939595
555.0000000001603, 434.0548858150881
555.0333333334936, 434.0904179255814
555.0666666668269, 432.6239482614409
555.1000000001602, 430.93676413389335
555.1333333334935, 430.3058315338812
555.1666666668268, 431.6255284997737
555.2000000001601, 435.11675773383377
555.2333333334934, 440.93194314572906
555.2666666668267, 449.1904639611607
555.30000000016, 459.5720265779856
555.3333333334933, 471.4438702885975
555.3666666668266, 484.1665647692552
555.4000000001599, 496.7834640105093
555.4333333334932, 506.9702870532061
555.4666666668265, 512.0342588136879
555.5000000001598, 509.32243719124006
555.5333333334931, 498.81383568496307
555.5666666668264, 484.7123743453219
555.6000000001598, 471.60294472149604
555.633333333493, 463.7600581740959
555.6666666668264, 461.8408219161765
555.7000000001597, 464.164141660028
555.733333333493, 469.00975575092036
555.7666666668263, 474.92956817028636
555.8000000001596, 481.5251365861071
555.8333333334929, 488.6510268774673
555.8666666668262, 496.15491517818873
555.9000000001595, 503.53795910574814
555.9333333334928, 509.7994926026963
555.9666666668261, 513.8995573869389
556.0000000001594, 514.9548208976228
556.0333333334927, 513.6652178272043
556.066666666826, 511.64962338509736
556.1000000001593, 510.53816739270394
556.1333333334926, 511.5817066799206
556.1666666668259, 514.7391243960884
556.2000000001592, 519.6944467111593
556.2333333334925, 526.1284200170817
556.2666666668258, 533.595680091365
556.3000000001591, 541.4878406263011
556.3333333334924, 549.1857003821618
556.3666666668257, 556.0815910144919
556.400000000159, 561.6680536662637
556.4333333334923, 565.4891549815712
556.4666666668256, 567.0894170696238
556.5000000001589, 566.0559383037757
556.5333333334922, 562.1024596860618
556.5666666668255, 554.9661621669643
556.6000000001588, 544.4154639561103
556.6333333334921, 531.142434785077
556.6666666668254, 516.8936078754174
556.7000000001588, 503.47306006735903
556.733333333492, 493.14895647410935
556.7666666668254, 491.62623706503484
556.8000000001587, 506.15290780523196
556.833333333492, 543.9667426144662
556.8666666668253, 604.4558991263831
556.9000000001586, 666.8276728679776
556.9333333334919, 707.0909060297739
556.9666666668252, 702.4220676913786
557.0000000001585, 656.7186732280454
557.0333333334918, 600.5248456196751
557.0666666668251, 565.5374469607322
557.1000000001584, 578.199430769847
557.1333333334917, 632.0741364312797
557.166666666825, 708.0319341764665
557.2000000001583, 786.927324022947
557.2333333334916, 851.8615541631518
557.2666666668249, 890.8828465302236
557.3000000001582, 892.6986977994028
557.3333333334915, 847.1686899214643
557.3666666668248, 764.6840884315753
557.4000000001581, 673.315625914785
557.4333333334914, 601.7116737438158
557.4666666668247, 572.4439532645636
557.500000000158, 576.2350532425443
557.5333333334913, 593.408651909412
557.5666666668246, 604.3622830035099
557.6000000001579, 597.9288457297654
557.6333333334912, 578.7133324735561
557.6666666668245, 553.0504374218802
557.7000000001578, 527.0576779288946
557.7333333334911, 503.82258866122345
557.7666666668244, 484.20767726898026
557.8000000001578, 469.0240931511966
557.833333333491, 458.7605081434825
557.8666666668244, 452.50434624320724
557.9000000001577, 448.9625238620663
557.933333333491, 446.8480481900548
557.9666666668243, 445.25587738439407
558.0000000001576, 443.8824190875735
558.0333333334909, 442.4769360554214
558.0666666668242, 440.8240602611857
558.1000000001575, 439.09624689368405
558.1333333334908, 437.7055033646796
558.1666666668241, 437.06737251489824
558.2000000001574, 437.5110729399181
558.2333333334907, 439.05851273864266
558.266666666824, 441.6632445837908
558.3000000001573, 445.2476311092479
558.3333333334906, 448.4878608776936
558.3666666668239, 448.42155091315794
558.4000000001572, 441.97480051166735
558.4333333334905, 428.3063256597015
558.4666666668238, 425.8543381440394
558.5000000001571, 462.91964998621154
558.5333333334904, 567.8621589267677
558.5666666668237, 747.9443955028324
558.600000000157, 949.5144953475665
558.6333333334903, 1107.9917341767884
558.6666666668236, 1160.7826269128877
558.7000000001569, 1098.7366752490923
558.7333333334902, 970.834278058013
558.7666666668235, 828.982733888728
558.8000000001568, 719.1283737956559
558.8333333334901, 646.6907703230155
558.8666666668234, 600.2196220041358
558.9000000001568, 568.220523835082
558.93333333349, 542.1330971136381
558.9666666668234, 520.2222293382054
559.0000000001567, 501.7211694880798
559.03333333349, 485.89129321328386
559.0666666668233, 472.52321600635037
559.1000000001566, 461.87865680680386
559.1333333334899, 454.2357845693149
559.1666666668232, 449.8294328556134
559.2000000001565, 448.6632360907137
559.2333333334898, 450.6640378264497
559.2666666668231, 455.7526612780487
559.3000000001564, 463.2239320840396
559.3333333334897, 471.20552358260596
559.366666666823, 477.6975570875314
559.4000000001563, 480.80474824545496
559.4333333334896, 480.04742987973293
559.4666666668229, 475.96398099073207
559.5000000001562, 469.115141616459
559.5333333334895, 460.5073219035309
559.5666666668228, 452.9994368718846
559.6000000001561, 449.93166219676175
559.6333333334894, 454.587587911733
559.6666666668227, 467.21081031017616
559.700000000156, 483.5265633968644
559.7333333334893, 498.8931865639231
559.7666666668226, 509.00577092062616
559.8000000001559, 512.9001973934785
559.8333333334892, 511.5231671431434
559.8666666668225, 505.84382122920636
559.9000000001558, 496.75085336164904
559.9333333334891, 484.87516335903814
559.9666666668224, 470.7961188552566
560.0000000001558, 455.1737429465636
560.033333333489, 441.2040988411844
560.0666666668224, 435.06758121271605
560.1000000001557, 443.11564378193987
560.133333333489, 470.0875860375525
560.1666666668223, 508.86600223328554
560.2000000001556, 547.0419347213002
560.2333333334889, 572.1963828190748
560.2666666668222, 576.8656763402703
560.3000000001555, 565.7609938383765
560.3333333334888, 545.4294874680289
560.3666666668221, 522.3099637804244
560.4000000001554, 500.6748437752618
560.4333333334887, 482.7969390045941
560.466666666822, 470.87413775308045
560.5000000001553, 466.48711447069905
560.5333333334886, 467.8374114205229
560.5666666668219, 471.97604643496925
560.6000000001552, 475.96423247262965
560.6333333334885, 478.0674471610518
560.6666666668218, 478.81533031105454
560.7000000001551, 478.98752887925116
560.7333333334884, 479.30430968072284
560.7666666668217, 479.68944790999967
560.800000000155, 479.49747293028355
560.8333333334883, 478.07059678220884
560.8666666668216, 474.93974082317817
560.9000000001549, 470.40216125310656
560.9333333334882, 464.94961602347547
560.9666666668215, 459.07683684544173
561.0000000001548, 453.4247948484003
561.0333333334881, 448.84434101109053
561.0666666668214, 446.2025512478444
561.1000000001548, 446.1651498356844
561.133333333488, 447.52363400478947
561.1666666668214, 448.05032697376936
561.2000000001547, 445.50858532006765
561.233333333488, 439.34824241886383
561.2666666668213, 434.0548149959109
561.3000000001546, 435.0495934374708
561.3333333334879, 447.9982920369732
561.3666666668212, 485.16214376640335
561.4000000001545, 565.9890342937725
561.4333333334878, 710.2897731232264
561.4666666668211, 928.5705066017439
561.5000000001544, 1170.0686090749346
561.5333333334877, 1359.2428483779186
561.566666666821, 1420.7022229307504
561.6000000001543, 1322.2253015401766
561.6333333334876, 1126.2665695064659
561.6666666668209, 907.840243592076
561.7000000001542, 738.8092430406359
561.7333333334875, 639.1765605399269
561.7666666668208, 586.4699662669082
561.8000000001541, 556.9663518983828
561.8333333334874, 530.6607956812456
561.8666666668207, 504.98120344791386
561.900000000154, 482.4601856058613
561.9333333334873, 465.60524223457793
561.9666666668206, 455.1981659178917
562.0000000001539, 449.23672234774256
562.0333333334872, 445.46595955734585
562.0666666668205, 441.72299081046214
562.1000000001538, 436.82895990829854
562.1333333334871, 430.20118706645593
562.1666666668204, 421.26562216055873
562.2000000001538, 410.90670381814937
562.233333333487, 404.8511015079098
562.2666666668204, 409.82908923258594
562.3000000001537, 432.2976650542554
562.333333333487, 470.00018966832243
562.3666666668203, 510.3561937889295
562.4000000001536, 540.1869882703144
562.4333333334869, 548.2205270076507
562.4666666668202, 536.9065919833017
562.5000000001535, 514.7034773009069
562.5333333334868, 490.0855816067582
562.5666666668201, 469.00899106772437
562.6000000001534, 451.51932788717954
562.6333333334867, 436.8152232120622
562.66666666682, 424.1333744766945
562.7000000001533, 413.3919292743884
562.7333333334866, 405.09745197360934
562.7666666668199, 399.7758407864202
562.8000000001532, 397.66359184882236
562.8333333334865, 397.5722024015271
562.8666666668198, 397.8753153315314
562.9000000001531, 396.9607603521338
562.9333333334864, 394.2703218352812
562.9666666668197, 391.0031092268072
563.000000000153, 388.5248423397103
563.0333333334863, 388.0771609410505
563.0666666668196, 389.53573058716296
563.1000000001529, 391.92993950640397
563.1333333334862, 394.2766377583629
563.1666666668195, 396.0438357035525
563.2000000001528, 398.21694272202865
563.2333333334861, 402.10003630891936
563.2666666668194, 408.9421289958431
563.3000000001527, 418.2325515751858
563.333333333486, 427.37354851277837
563.3666666668194, 433.6462201416693
563.4000000001527, 434.791922091483
563.433333333486, 431.82713239941614
563.4666666668193, 427.18818758562037
563.5000000001526, 423.31446216261435
563.5333333334859, 421.9905153263723
563.5666666668192, 423.49624655222107
563.6000000001525, 427.90101863737
563.6333333334858, 435.21575734515994
563.6666666668191, 444.45444182944317
563.7000000001524, 453.7956530263008
563.7333333334857, 461.39216140019596
563.766666666819, 465.6264594256877
563.8000000001523, 465.9607125164839
563.8333333334856, 462.17399463251303
563.8666666668189, 454.0636590057031
563.9000000001522, 442.5856927663767
563.9333333334855, 430.5300024188318
563.9666666668188, 420.8487819139
564.0000000001521, 416.1601113162082
564.0333333334854, 415.69417473055097
564.0666666668187, 416.7100588229082
564.100000000152, 416.44290405138713
564.1333333334853, 413.11749254253397
564.1666666668186, 408.0289077453035
564.2000000001519, 403.06588095549785
564.2333333334852, 400.06001777853885
564.2666666668185, 399.2923240993215
564.3000000001518, 399.34905003203414
564.3333333334851, 398.73041734739456
564.3666666668184, 396.23104595534625
564.4000000001517, 392.52025137893884
564.433333333485, 389.00272164826265
564.4666666668184, 387.07938924488025
564.5000000001517, 387.322159177176
564.533333333485, 388.5954486008572
564.5666666668183, 389.55318254581914
564.6000000001516, 388.9433110482086
564.6333333334849, 386.86203087706417
564.6666666668182, 384.4142220927621
564.7000000001515, 382.7290796360288
564.7333333334848, 382.7250308171544
564.7666666668181, 384.4607295315683
564.8000000001514, 387.7756282004603
564.8333333334847, 392.5054869011663
564.866666666818, 398.32048265220055
564.9000000001513, 404.6619932469732
564.9333333334846, 410.9546450560205
564.9666666668179, 416.6478831411991
565.0000000001512, 421.3999700981027
565.0333333334845, 424.9737111249726
565.0666666668178, 427.1329309165306
565.1000000001511, 427.7603886165421
565.1333333334844, 427.049624810156
565.1666666668177, 425.2443116758565
565.200000000151, 422.60402829966046
565.2333333334843, 419.708929190415
565.2666666668176, 417.4364388718865
565.3000000001509, 416.6752193683852
565.3333333334842, 418.219025976495
565.3666666668175, 422.36975675404625
565.4000000001508, 429.2704557667004
565.4333333334841, 439.0443804706868
565.4666666668174, 450.2855167519432
565.5000000001507, 458.99309123640757
565.533333333484, 460.9146694492913
565.5666666668174, 452.45098604037184
565.6000000001507, 437.09343243114864
565.633333333484, 422.68021828066236
565.6666666668173, 417.1115996477693
565.7000000001506, 425.6166270108363
565.7333333334839, 444.81421032244094
565.7666666668172, 469.5917689491089
565.8000000001505, 494.8440634464023
565.8333333334838, 515.6718082999059
565.8666666668171, 527.4046752300693
565.9000000001504, 525.3842939822578
565.9333333334837, 506.4139418382841
565.966666666817, 476.60593944290383
566.0000000001503, 445.7247086802452
566.0333333334836, 423.51436650251134
566.0666666668169, 415.6426373998323
566.1000000001502, 419.5288704151908
566.1333333334835, 431.5967765003469
566.1666666668168, 448.20823187270815
566.2000000001501, 464.88145203082405
566.2333333334834, 476.5245445242169
566.2666666668167, 478.0320404233158
566.30000000015, 466.30910390551065
566.3333333334833, 446.0009203220919
566.3666666668166, 423.61487639035585
566.4000000001499, 405.56057312113165
566.4333333334832, 394.49875041978174
566.4666666668165, 388.2504344806128
566.5000000001498, 384.31622430537436
566.5333333334831, 380.46392758335935
566.5666666668164, 376.48482461404797
566.6000000001497, 373.0965083407031
566.633333333483, 371.0194633517435
566.6666666668164, 370.46606267021684
566.7000000001497, 370.4595398625175
566.733333333483, 369.8532656920108
566.7666666668163, 367.5725845370106
566.8000000001496, 363.7385427494056
566.8333333334829, 359.45743414569114
566.8666666668162, 355.8649401147021
566.9000000001495, 353.8028996799086
566.9333333334828, 352.81017438116464
566.9666666668161, 352.06459023693
567.0000000001494, 350.755089461301
567.0333333334827, 348.6345474555296
567.066666666816, 346.2749489075429
567.1000000001493, 344.31268286798473
567.1333333334826, 343.30122666894886
567.1666666668159, 343.0731560107506
567.2000000001492, 343.09017128367776
567.2333333334825, 342.8114231270441
567.2666666668158, 341.95068099980057
567.3000000001491, 340.8888472433605
567.3333333334824, 340.1147534505126
567.3666666668157, 340.0910130080447
567.400000000149, 340.77022151089176
567.4333333334823, 341.64182742287
567.4666666668156, 342.17846245117
567.5000000001489, 341.97728952300383
567.5333333334822, 341.24849951504547
567.5666666668155, 340.39059917913613
567.6000000001488, 339.8030950832647
567.6333333334821, 339.9457610459783
567.6666666668154, 341.3737456192771
567.7000000001487, 344.6506351272192
567.733333333482, 350.1813215900081
567.7666666668154, 356.8452936175361
567.8000000001487, 362.67100869399667
567.833333333482, 365.678597440072
567.8666666668153, 364.7000026037382
567.9000000001486, 360.8681067353359
567.9333333334819, 355.7206382550218
567.9666666668152, 350.76185714388515
568.0000000001485, 346.7687701007426
568.0333333334818, 343.81399705660783
568.0666666668151, 341.9412642695842
568.1000000001484, 341.14559477204335
568.1333333334817, 341.1655600294648
568.166666666815, 341.6556229052167
568.2000000001483, 342.2715772032997
568.2333333334816, 342.77110642775244
568.2666666668149, 343.08189725075283
568.3000000001482, 343.14776858091955
568.3333333334815, 342.97338924458023
568.3666666668148, 343.18416829095906
568.4000000001481, 344.76835562798993
568.4333333334814, 348.71827496168555
568.4666666668147, 355.40508762966283
568.500000000148, 363.36219203530095
568.5333333334813, 370.7847367589067
568.5666666668146, 375.91006923436055
568.6000000001479, 377.9459830648187
568.6333333334812, 377.0706472152601
568.6666666668145, 373.5044153427476
568.7000000001478, 367.61429710854674
568.7333333334811, 360.56275646810786
568.7666666668144, 353.78068376327195
568.8000000001477, 348.68840041031797
568.833333333481, 345.863190568977
568.8666666668144, 344.4480653834485
568.9000000001477, 343.44644117213164
568.933333333481, 341.9576338188202
568.9666666668143, 340.07553649814884
569.0000000001476, 338.4828652620224
569.0333333334809, 337.8698426820962
569.0666666668142, 338.6763755454471
569.1000000001475, 340.5969451397135
569.1333333334808, 343.18789704299905
569.1666666668141, 346.01120951769485
569.2000000001474, 348.7582311629705
569.2333333334807, 351.2495802161529
569.266666666814, 353.3114874591289
569.3000000001473, 354.7344484237318
569.3333333334806, 355.1167638008418
569.3666666668139, 353.9924017491124
569.4000000001472, 350.90277671725323
569.4333333334805, 345.9510830113497
569.4666666668138, 340.18279372183645
569.5000000001471, 334.7334148558944
569.5333333334804, 330.66122943092125
569.5666666668137, 328.2450553546293
569.600000000147, 327.31182216305734
569.6333333334803, 327.68276832882697
569.6666666668136, 329.0222721560814
569.7000000001469, 330.5413995923887
569.7333333334802, 331.3698088736136
569.7666666668135, 330.67876591901233
569.8000000001468, 328.5402415183977
569.8333333334801, 325.89671586900744
569.8666666668134, 323.7262355575134
569.9000000001467, 322.8575929794891
569.93333333348, 323.35329820206084
569.9666666668134, 325.0306205051747
570.0000000001467, 327.70424705913643
570.03333333348, 331.0273006185044
570.0666666668133, 334.39455066595997
570.1000000001466, 337.17758954841827
570.1333333334799, 338.7856004385591
570.1666666668132, 338.98162922579684
570.2000000001465, 337.72288840828156
570.2333333334798, 334.96930203746
570.2666666668131, 331.12507023036903
570.3000000001464, 327.79618531940076
570.3333333334797, 326.7898549641949
570.366666666813, 329.8229014398671
570.4000000001463, 336.864781604923
570.4333333334796, 346.3040384023902
570.4666666668129, 356.4722243057517
570.5000000001462, 365.73261555949904
570.5333333334795, 372.59822779511956
570.5666666668128, 375.62621475240667
570.6000000001461, 373.4065276715022
570.6333333334794, 366.2562511331599
570.6666666668127, 357.0397806892943
570.700000000146, 348.82614267446814
570.7333333334793, 344.4362728966273
570.7666666668126, 344.5991935375189
570.8000000001459, 348.99472758526565
570.8333333334792, 357.2917503643264
570.8666666668125, 368.13153244164863
570.9000000001458, 377.6430745568816
570.9333333334791, 381.57859498186053
570.9666666668124, 376.0130944216303
571.0000000001457, 362.3383393144879
571.033333333479, 346.3032577270108
571.0666666668124, 333.78525262102994
571.1000000001457, 329.04649967088756
571.133333333479, 329.595716217905
571.1666666668123, 331.1768362501577
571.2000000001456, 329.6127235301282
571.2333333334789, 323.89108717611407
571.2666666668122, 317.16744125375067
571.3000000001455, 312.8816042879015
571.3333333334788, 313.8746805657594
571.3666666668121, 318.63159433250837
571.4000000001454, 323.7113763520475
571.4333333334787, 325.6748701559067
571.466666666812, 322.8983689073072
571.5000000001453, 317.6374977054084
571.5333333334786, 312.647236741703
571.5666666668119, 310.51564661531734
571.6000000001452, 311.5778863326907
571.6333333334785, 314.55203743678345
571.6666666668118, 318.12083717292955
571.7000000001451, 321.1884585679127
571.7333333334784, 323.44927843951433
571.7666666668117, 324.7738667744944
571.800000000145, 325.0380117117504
571.8333333334783, 324.27105495964304
571.8666666668116, 322.67721679722996
571.9000000001449, 320.4702232784992
571.9333333334782, 317.85457110113117
571.9666666668115, 314.9787851294629
572.0000000001448, 311.9704021447913
572.0333333334781, 308.9576278968694
572.0666666668114, 306.13570583872746
572.1000000001447, 303.82119448072865
572.133333333478, 302.3434261594366
572.1666666668114, 301.98599247154004
572.2000000001447, 302.5424058586328
572.233333333478, 303.50871703363094
572.2666666668113, 304.3769294476007
572.3000000001446, 304.8001370421213
572.3333333334779, 304.9051766365508
572.3666666668112, 304.90553381620117
572.4000000001445, 305.0040168818841
572.4333333334778, 305.1775567912407
572.4666666668111, 305.18763815021794
572.5000000001444, 304.78715594059366
572.5333333334777, 303.8374545211703
572.566666666811, 302.7301767458928
572.6000000001443, 302.0188027487205
572.6333333334776, 302.2475073123037
572.6666666668109, 303.45752545954485
572.7000000001442, 304.94205237001637
572.7333333334775, 305.9334833564908
572.7666666668108, 305.77706986948704
572.8000000001441, 304.75292818744936
572.8333333334774, 303.60315132412404
572.8666666668107, 303.0719850358541
572.900000000144, 303.59843377952984
572.9333333334773, 304.9041159944076
572.9666666668106, 306.6076870743119
573.0000000001439, 308.34952178966194
573.0333333334772, 310.0967490408979
573.0666666668105, 312.0689409723443
573.1000000001438, 314.49221526083153
573.1333333334771, 317.3952358779852
573.1666666668104, 320.0544052939405
573.2000000001437, 321.5670066147709
573.233333333477, 321.0578050597205
573.2666666668104, 318.53127957764286
573.3000000001437, 315.0361527719481
573.333333333477, 311.6818388658625
573.3666666668103, 309.4086416035524
573.4000000001436, 308.099629434873
573.4333333334769, 307.2301153040055
573.4666666668102, 306.2777248720245
573.5000000001435, 305.0321771378573
573.5333333334768, 303.85377061029885
573.5666666668101, 303.16365620256886
573.6000000001434, 303.3395591423078
573.6333333334767, 304.29767360645064
573.66666666681, 305.6757777392467
573.7000000001433, 307.1079525397054
573.7333333334766, 308.3716310707251
573.7666666668099, 309.65570411916053
573.8000000001432, 311.2224255329066
573.8333333334765, 313.3137589153894
573.8666666668098, 315.7691659821455
573.9000000001431, 318.0583269327268
573.9333333334764, 319.6371905477336
573.9666666668097, 320.11716219459043
574.000000000143, 319.82440357069146
574.0333333334763, 319.2903683915424
574.0666666668096, 319.0386391203856
574.1000000001429, 319.2360690270311
574.1333333334762, 319.55488235966357
574.1666666668095, 319.6309074340531
574.2000000001428, 319.1327742804507
574.2333333334761, 317.97355542777274
574.2666666668094, 316.1766776521506
574.3000000001427, 313.7673253613559
574.333333333476, 310.9736575965038
574.3666666668094, 308.4520195684505
574.4000000001427, 306.9130517371693
574.433333333476, 306.99144115794536
574.4666666668093, 308.35936841642314
574.5000000001426, 310.02805591445326
574.5333333334759, 310.9958485745183
574.5666666668092, 310.5966276002094
574.6000000001425, 309.26338336312847
574.6333333334758, 307.65380678299556
574.6666666668091, 306.4124165436446
574.7000000001424, 305.86765856555496
574.7333333334757, 306.02444563720167
574.766666666809, 306.8730259828747
574.8000000001423, 308.33500137237957
574.8333333334756, 309.97803832689567
574.8666666668089, 311.25606268602496
574.9000000001422, 311.62845921061796
574.9333333334755, 310.8680206468755
574.9666666668088, 309.22360703256174
575.0000000001421, 306.9839156364181
575.0333333334754, 304.5680513576024
575.0666666668087, 303.4694594192297
575.100000000142, 305.71004467921694
575.1333333334753, 313.3078920043373
575.1666666668086, 326.5341374359534
575.2000000001419, 341.68234025350426
575.2333333334752, 354.495262172891
575.2666666668085, 360.96497406687314
575.3000000001418, 360.54086094096317
575.3333333334751, 355.20065272175003
575.3666666668084, 346.97985235159155
575.4000000001417, 337.6854318692668
575.433333333475, 328.329389259985
575.4666666668084, 319.7509708626997
575.5000000001417, 312.76868818938016
575.533333333475, 307.66143479547014
575.5666666668083, 304.1311571943047
575.6000000001416, 301.8515907823083
575.6333333334749, 300.50351615825997
575.6666666668082, 299.8055219995819
575.7000000001415, 299.4888256480947
575.7333333334748, 299.28707833986135
575.7666666668081, 299.08160057473236
575.8000000001414, 298.98385517215286
575.8333333334747, 299.1252495464436
575.866666666808, 299.5796881126044
575.9000000001413, 299.9377511027433
575.9333333334746, 299.5482512237482
575.9666666668079, 297.7616444076198
576.0000000001412, 294.7569468208228
576.0333333334745, 292.61322533817895
576.0666666668078, 293.67479942787315
576.1000000001411, 300.15041334508066
576.1333333334744, 312.375944787337
576.1666666668077, 329.32125475812046
576.200000000141, 349.9250784324652
576.2333333334743, 372.29825550481934
576.2666666668076, 391.71038172990603
576.3000000001409, 402.82202775573217
576.3333333334742, 400.51581019725427
576.3666666668075, 385.22829224169664
576.4000000001408, 363.21022027669216
576.4333333334741, 340.98646819698484
576.4666666668074, 324.05731217703845
576.5000000001407, 312.615694412188
576.533333333474, 305.14129682590453
576.5666666668074, 300.1224059670528
576.6000000001407, 296.5643044053032
576.633333333474, 294.246064273189
576.6666666668073, 293.01020079166267
576.7000000001406, 292.68870313486343
576.7333333334739, 293.0303583070643
576.7666666668072, 293.74443525535855
576.8000000001405, 294.53994946111544
576.8333333334738, 295.12336278144744
576.8666666668071, 295.195635149542
576.9000000001404, 294.4570114453535
576.9333333334737, 292.656030803789
576.966666666807, 290.1463389960959
577.0000000001403, 287.6937708028999
577.0333333334736, 286.0719639574484
577.0666666668069, 285.7748584413839
577.1000000001402, 286.4164530490545
577.1333333334735, 287.4381436795238
577.1666666668068, 288.2988919558485
577.2000000001401, 288.8339824735334
577.2333333334734, 289.2402541637427
577.2666666668067, 289.7291564700719
577.30000000014, 290.55169701149833
577.3333333334733, 292.1424066578096
577.3666666668066, 294.9889987484579
577.4000000001399, 299.55748990503173
577.4333333334732, 305.39854885163334
577.4666666668065, 310.83056518025484
577.5000000001398, 314.08507830950504
577.5333333334731, 313.73596050198773
577.5666666668064, 310.71007443144646
577.6000000001397, 306.9233915685305
577.633333333473, 304.28621977398416
577.6666666668063, 303.70721121612956
577.7000000001397, 304.2001059078325
577.733333333473, 304.56781035569264
577.7666666668063, 303.7462195593985
577.8000000001396, 302.0590771907098
577.8333333334729, 300.6557261676913
577.8666666668062, 300.6955402018689
577.9000000001395, 302.7991501418698
577.9333333334728, 306.1401285859307
577.9666666668061, 309.65159767981015
578.0000000001394, 312.2996388466657
578.0333333334727, 313.600151875508
578.066666666806, 313.5232718820578
578.1000000001393, 312.05275808002256
578.1333333334726, 309.3232681031119
578.1666666668059, 306.0518096865144
578.2000000001392, 303.09585283279046
578.2333333334725, 301.29280079576444
578.2666666668058, 300.89299054394434
578.3000000001391, 301.48011561269476
578.3333333334724, 302.60180669658774
578.3666666668057, 303.8367862446844
578.400000000139, 304.93654422206356
578.4333333334723, 305.71223367966763
578.4666666668056, 305.97637222578516
578.5000000001389, 305.62097153579276
578.5333333334722, 304.66184794144203
578.5666666668055, 303.1255367593074
578.6000000001388, 301.06649504040206
578.6333333334721, 298.76483403919065
578.6666666668054, 296.60988059911983
578.7000000001387, 294.99059688757205
578.733333333472, 294.10293922690806
578.7666666668053, 293.7285657868937
578.8000000001387, 293.595523071225
578.833333333472, 293.4408304517407
578.8666666668053, 293.11006936258303
578.9000000001386, 292.5209348641116
578.9333333334719, 291.5925028298842
578.9666666668052, 290.3587304946566
579.0000000001385, 289.19679639266496
579.0333333334718, 288.5476970995759
579.0666666668051, 288.817111414849
579.1000000001384, 289.73592812756607
579.1333333334717, 290.42881295989775
579.166666666805, 289.9988766244432
579.2000000001383, 287.9104732004004
579.2333333334716, 285.141795485671
579.2666666668049, 283.0675249107657
579.3000000001382, 283.02570983069836
579.3333333334715, 285.1430915716808
579.3666666668048, 288.0860143620972
579.4000000001381, 290.4338231361804
579.4333333334714, 290.99936232463216
579.4666666668047, 289.9680363554755
579.500000000138, 288.02513821365363
579.5333333334713, 285.8540406797694
579.5666666668046, 283.9603561174426
579.6000000001379, 282.562484816032
579.6333333334712, 281.8527027959439
579.6666666668045, 281.9822161917482
579.7000000001378, 282.76018171521616
579.7333333334711, 283.82596241645473
579.7666666668044, 284.8184083642129
579.8000000001377, 285.5109394630429
579.833333333471, 285.969543320082
579.8666666668043, 286.2986310088578
579.9000000001377, 286.58113333887246
579.933333333471, 286.6401041663149
579.9666666668043, 286.12597639462143
580.0000000001376, 284.68631974692335
580.0333333334709, 282.270789555882
580.0666666668042, 279.7195059810535
580.1000000001375, 278.03585537424806
580.1333333334708, 278.16173167591523
580.1666666668041, 279.90977626699146
580.2000000001374, 282.10216634846824
580.2333333334707, 283.5274941107815
580.266666666804, 283.36224406961554
580.3000000001373, 282.342663331378
580.3333333334706, 281.5969987774387
580.3666666668039, 282.22078413176047
580.4000000001372, 284.32950013064016
580.4333333334705, 286.9124417715401
580.4666666668038, 288.8967872492143
580.5000000001371, 289.4338773400024
580.5333333334704, 288.9031604757282
580.5666666668037, 288.1025100022549
580.600000000137, 287.8189430329409
580.6333333334703, 288.221596701709
580.6666666668036, 288.5520695594679
580.7000000001369, 287.97559737880357
580.7333333334702, 285.83555779497385
580.7666666668035, 282.81156894742304
580.8000000001368, 280.18993671097496
580.8333333334701, 279.2531240571664
580.8666666668034, 280.4172830228326
580.9000000001367, 282.39724051348617
580.93333333347, 283.7096995432565
580.9666666668033, 283.02335891498836
581.0000000001367, 280.59250022879223
581.03333333347, 277.614347118515
581.0666666668033, 275.2976186046865
581.1000000001366, 274.3991736930905
581.1333333334699, 274.5095980952055
581.1666666668032, 275.0338448193864
581.2000000001365, 275.40585308645535
581.2333333334698, 275.4920779113772
581.2666666668031, 275.49131119980296
581.3000000001364, 275.6108561813691
581.3333333334697, 276.0417549062804
581.366666666803, 276.91959102208
581.4000000001363, 278.36813569857924
581.4333333334696, 280.501195535319
581.4666666668029, 283.2101578221899
581.5000000001362, 286.1676856258383
581.5333333334695, 289.0372165249402
581.5666666668028, 291.4298091998371
581.6000000001361, 292.72030197082927
581.6333333334694, 292.21697228745285
581.6666666668027, 289.256679834286
581.700000000136, 284.1997999814199
581.7333333334693, 278.6876349099871
581.7666666668026, 274.4423686283163
581.8000000001359, 272.8153400702731
581.8333333334692, 272.9506883491667
581.8666666668025, 273.17926278556865
581.9000000001358, 271.84976482212016
581.9333333334691, 268.5397185743316
581.9666666668024, 264.77950152796524
582.0000000001357, 262.27323846688563
582.033333333469, 262.46215094182594
582.0666666668023, 264.71236502885773
582.1000000001357, 267.4056238790998
582.133333333469, 268.92378391287366
582.1666666668023, 268.4945662450695
582.2000000001356, 267.0537871607661
582.2333333334689, 265.7429436218901
582.2666666668022, 265.60313653051355
582.3000000001355, 266.61150929523984
582.3333333334688, 268.1047831159618
582.3666666668021, 269.411439055508
582.4000000001354, 270.10441705613016
582.4333333334687, 270.38556324181997
582.466666666802, 270.556470837395
582.5000000001353, 270.8987677779809
582.5333333334686, 271.40399748805345
582.5666666668019, 271.84474137184986
582.6000000001352, 271.9882218833845
582.6333333334685, 271.72162990717044
582.6666666668018, 271.32653179122326
582.7000000001351, 271.16541203301153
582.7333333334684, 271.57551860731724
582.7666666668017, 272.37520234409135
582.800000000135, 272.89596595087875
582.8333333334683, 272.45049358514234
582.8666666668016, 270.65695428274483
582.9000000001349, 268.4167500146782
582.9333333334682, 266.9681752242877
582.9666666668015, 267.511106693315
583.0000000001348, 270.0741147309504
583.0333333334681, 273.3281026469714
583.0666666668014, 275.8680276958986
583.1000000001347, 276.54778674505604
583.133333333468, 275.60597366274015
583.1666666668013, 273.74213069009613
583.2000000001347, 271.65355327282094
583.233333333468, 269.91350781030235
583.2666666668013, 268.91832182257895
583.3000000001346, 269.0507605603728
583.3333333334679, 270.58074929237887
583.3666666668012, 273.01008887623794
583.4000000001345, 275.5204774540973
583.4333333334678, 277.2973599195337
583.4666666668011, 277.93804471487346
583.5000000001344, 277.7616980970212
583.5333333334677, 277.160478471505
583.566666666801, 276.4846315627919
583.6000000001343, 275.71956989044116
583.6333333334676, 274.6628397262247
583.6666666668009, 273.1115853070206
583.7000000001342, 271.0714043231278
583.7333333334675, 268.9966203503022
583.7666666668008, 267.39981515179073
583.8000000001341, 266.7413755689801
583.8333333334674, 266.8953690151183
583.8666666668007, 267.36708007977523
583.900000000134, 267.65639101869544
583.9333333334673, 267.4407393702983
583.9666666668006, 266.8672721234408
584.0000000001339, 266.15991873883075
584.0333333334672, 265.5310494691095
584.0666666668005, 265.02306087468503
584.1000000001338, 264.5490141500578
584.1333333334671, 264.01873584146904
584.1666666668004, 263.36481609545984
584.2000000001337, 262.5938801786086
584.233333333467, 261.727578914204
584.2666666668003, 260.7950199421596
584.3000000001337, 259.97179237587784
584.333333333467, 259.567280972504
584.3666666668003, 259.89578361161995
584.4000000001336, 261.1210965444972
584.4333333334669, 262.80615115081997
584.4666666668002, 264.36394746174614
584.5000000001335, 265.22458608593263
584.5333333334668, 265.2797015146278
584.5666666668001, 264.9238804993612
584.6000000001334, 264.5771132282267
584.6333333334667, 264.57221791787566
584.6666666668, 264.8167821314511
584.7000000001333, 265.08892678843443
584.7333333334666, 265.1698107040379
584.7666666667999, 264.9588520905884
584.8000000001332, 264.5084969462356
584.8333333334665, 263.881358705327
584.8666666667998, 263.1562133909318
584.9000000001331, 262.5078503229094
584.9333333334664, 262.1463738822594
584.9666666667997, 262.2786201152766
585.000000000133, 262.918499586388
585.0333333334663, 263.7845434256972
585.0666666667996, 264.57029622277906
585.1000000001329, 265.03732799156984
585.1333333334662, 265.43889892834466
585.1666666667995, 266.2443915216609
585.2000000001328, 267.9193117904485
585.2333333334661, 270.4751580998773
585.2666666667994, 273.10319203058316
585.3000000001327, 274.908488129414
585.333333333466, 275.1223961864831
585.3666666667993, 274.0882792662872
585.4000000001326, 272.72760544085645
585.433333333466, 271.96451475246243
585.4666666667993, 272.3313898101068
585.5000000001326, 273.52717794864105
585.5333333334659, 275.1440964521039
585.5666666667992, 276.78499604496807
585.6000000001325, 278.167198237979
585.6333333334658, 279.0777549779392
585.6666666667991, 279.3056795599672
585.7000000001324, 279.00809434747276
585.7333333334657, 279.2626247940732
585.766666666799, 281.28843112939467
585.8000000001323, 286.15489807400326
585.8333333334656, 292.9497729067819
585.8666666667989, 299.3580120864513
585.9000000001322, 303.03589496824367
585.9333333334655, 302.7973977831956
585.9666666667988, 300.85273593308324
586.0000000001321, 300.03170783682697
586.0333333334654, 302.99636028318264
586.0666666667987, 309.6605069867473
586.100000000132, 317.69352771898286
586.1333333334653, 324.69915749552285
586.1666666667986, 328.7153709700948
586.2000000001319, 329.2707401679371
586.2333333334652, 326.21342192125394
586.2666666667985, 319.4488786742025
586.3000000001318, 310.05641067019275
586.3333333334651, 300.2142332553945
586.3666666667984, 292.142862411771
586.4000000001317, 287.43839519746155
586.433333333465, 285.19883164058206
586.4666666667983, 283.89754216029115
586.5000000001316, 282.0475194062293
586.533333333465, 279.1890416770745
586.5666666667983, 275.9585585814456
586.6000000001316, 273.04593728621177
586.6333333334649, 271.0059970663426
586.6666666667982, 269.76735932431194
586.7000000001315, 269.0772774930571
586.7333333334648, 268.685157089939
586.7666666667981, 268.4127291070402
586.8000000001314, 268.1692401007082
586.8333333334647, 267.86918006973417
586.866666666798, 267.43559654936973
586.9000000001313, 266.8372949844468
586.9333333334646, 266.0583117477182
586.9666666667979, 265.08627357261827
587.0000000001312, 264.0649699678971
587.0333333334645, 263.35146669509027
587.0666666667978, 263.3181812459463
587.1000000001311, 264.259395967288
587.1333333334644, 265.98961940915245
587.1666666667977, 268.14137093965945
587.200000000131, 270.3481472195137
587.2333333334643, 272.3208567486928
587.2666666667976, 273.88921501198394
587.3000000001309, 274.8930206115576
587.3333333334642, 275.2034255930647
587.3666666667975, 274.91187722237254
587.4000000001308, 274.2042593399868
587.4333333334641, 273.26604984119626
587.4666666667974, 272.221010790625
587.5000000001307, 271.0869095684076
587.533333333464, 269.8710707330733
587.5666666667973, 268.6038377007403
587.6000000001306, 267.5000506819608
587.633333333464, 266.8632212853615
587.6666666667973, 266.9954781466207
587.7000000001306, 267.9753412920087
587.7333333334639, 269.4533234231922
587.7666666667972, 271.0316263593446
587.8000000001305, 272.3451084879927
587.8333333334638, 273.32637504614274
587.8666666667971, 274.0672624810602
587.9000000001304, 274.6612399930588
587.9333333334637, 275.22394181304554
587.966666666797, 275.9180918236904
588.0000000001303, 276.9124345445954
588.0333333334636, 278.33855560565894
588.0666666667969, 279.9436542192627
588.1000000001302, 281.24781030523116
588.1333333334635, 281.77012648050754
588.1666666667968, 281.56322828230134
588.2000000001301, 281.9325452981036
588.2333333334634, 284.36313981509255
588.2666666667967, 290.1396896831742
588.30000000013, 298.2011839946339
588.3333333334633, 305.9655267541412
588.3666666667966, 310.8272547305904
588.4000000001299, 311.25709114720627
588.4333333334632, 308.5067200609138
588.4666666667965, 304.27102992504405
588.5000000001298, 300.1979471547781
588.5333333334631, 297.31497304446975
588.5666666667964, 296.2108659318386
588.6000000001297, 297.46401234005464
588.633333333463, 300.67505924533356
588.6666666667963, 302.67700896197886
588.7000000001296, 299.81656789930526
588.733333333463, 289.2218400191777
588.7666666667963, 279.6380016494336
588.8000000001296, 288.71489560271885
588.8333333334629, 334.3234644941559
588.8666666667962, 423.16254379385913
588.9000000001295, 527.457762711558
588.9333333334628, 612.806544421706
588.9666666667961, 646.5996813586996
589.0000000001294, 626.1357052529028
589.0333333334627, 573.4169685982181
589.066666666796, 511.1856454771477
589.1000000001293, 457.5632033411614
589.1333333334626, 415.20937668210524
589.1666666667959, 383.55360769372794
589.2000000001292, 362.60359529461516
589.2333333334625, 363.14513713291143
589.2666666667958, 405.5033177281928
589.3000000001291, 510.33202611123863
589.3333333334624, 683.7854875814835
589.3666666667957, 879.6922461359296
589.400000000129, 1040.0813839505747
589.4333333334623, 1109.264868093628
589.4666666667956, 1078.9128334393317
589.5000000001289, 985.3586310368709
589.5333333334622, 866.6789179094284
589.5666666667955, 754.4577763954903
589.6000000001288, 655.157454039192
589.6333333334621, 569.1649699612827
589.6666666667954, 496.8474664772119
589.7000000001287, 438.1153693028874
589.733333333462, 392.42263737179314
589.7666666667953, 359.2034027755415
589.8000000001286, 337.4419716915779
589.833333333462, 324.26779032442676
589.8666666667953, 316.33227463407786
589.9000000001286, 310.35583081794357
589.9333333334619, 304.80491724604417
589.9666666667952, 299.98539499524725
590.0000000001285, 296.2908018477436
590.0333333334618, 294.00654988804257
590.0666666667951, 292.9458299811858
590.1000000001284, 292.79295284846154
590.1333333334617, 293.2322220787684
590.166666666795, 293.94782582319306
590.2000000001283, 294.6238247393846
590.2333333334616, 294.94427289871226
590.2666666667949, 294.6878062063118
590.3000000001282, 294.06788020112833
590.3333333334615, 293.4228256291843
590.3666666667948, 293.0855197433633
590.4000000001281, 293.2243982174898
590.4333333334614, 293.81851462338443
590.4666666667947, 294.8364388875523
590.500000000128, 296.2602438380426
590.5333333334613, 298.1369482147882
590.5666666667946, 300.53307257095935
590.6000000001279, 303.50303202931474
590.6333333334612, 306.7085523949427
590.6666666667945, 309.3422981602138
590.7000000001278, 310.5693988420436
590.7333333334611, 309.7455345476813
590.7666666667944, 307.17937590027816
590.8000000001277, 303.47690708920413
590.833333333461, 299.2424108309911
590.8666666667943, 295.01784913816095
590.9000000001276, 291.2683902660311
590.933333333461, 288.45446853615897
590.9666666667943, 286.9872648569996
591.0000000001276, 287.0234044160501
591.0333333334609, 288.63751808540826
591.0666666667942, 291.89804860586884
591.1000000001275, 296.6483449282407
591.1333333334608, 302.4471646803355
591.1666666667941, 308.8350118618979
591.2000000001274, 315.53068876265866
591.2333333334607, 323.19935994393853
591.266666666794, 332.8189641735324
591.3000000001273, 345.3110126430422
591.3333333334606, 359.4289838667248
591.3666666667939, 371.1291086086085
591.4000000001272, 376.1825821825894
591.4333333334605, 371.4057700918532
591.4666666667938, 359.276604778552
591.5000000001271, 344.18113291881235
591.5333333334604, 330.4510830139374
591.5666666667937, 320.2103398745079
591.600000000127, 312.6916157190894
591.6333333334603, 306.93205897466004
591.6666666667936, 302.0998368401723
591.7000000001269, 298.08286448794394
591.7333333334602, 295.0149143744408
591.7666666667935, 293.02497634063093
591.8000000001268, 292.04007210467483
591.8333333334601, 291.72025779043054
591.8666666667934, 291.70727721189064
591.9000000001267, 291.65629191804254
591.93333333346, 291.2967427067346
591.9666666667933, 290.38363027213705
592.0000000001266, 288.6791804066104
592.03333333346, 286.2394216301416
592.0666666667933, 283.51024891779355
592.1000000001266, 280.96445486026835
592.1333333334599, 279.01276583471247
592.1666666667932, 277.7218590774822
592.2000000001265, 277.0398726081497
592.2333333334598, 276.9123401969648
592.2666666667931, 277.1834212805321
592.3000000001264, 277.5629698635084
592.3333333334597, 277.75159596510787
592.366666666793, 277.5148907260242
592.4000000001263, 276.9768407472754
592.4333333334596, 276.3843223154452
592.4666666667929, 275.98192166059937
592.5000000001262, 275.9182450246595
592.5333333334595, 276.2156375580412
592.5666666667928, 276.88784537043836
592.6000000001261, 277.9509488698025
592.6333333334594, 279.4337570056094
592.6666666667927, 281.3693958851305
592.700000000126, 283.79698781695384
592.7333333334593, 286.9886352518522
592.7666666667926, 291.51909800214554
592.8000000001259, 297.98336377738826
592.8333333334592, 306.7984688385591
592.8666666667925, 317.42817648009805
592.9000000001258, 329.0183833443512
592.9333333334591, 340.69225843694875
592.9666666667924, 350.7323496420476
593.0000000001257, 356.3486955632731
593.033333333459, 354.68158438100204
593.0666666667923, 343.8880695150074
593.1000000001256, 327.4424961825588
593.133333333459, 310.5516154257547
593.1666666667923, 298.3417942796016
593.2000000001256, 293.05382645611274
593.2333333334589, 293.33239824876193
593.2666666667922, 297.59659700117044
593.3000000001255, 304.1940154407152
593.3333333334588, 311.1095234868692
593.3666666667921, 316.21323800112066
593.4000000001254, 317.42436077404614
593.4333333334587, 314.30094381463533
593.466666666792, 308.3852059429026
593.5000000001253, 301.3383517266045
593.5333333334586, 294.59044599938335
593.5666666667919, 288.44096864512136
593.6000000001252, 282.8442606470686
593.6333333334585, 277.7605431037869
593.6666666667918, 273.3353436762717
593.7000000001251, 269.9309672294922
593.7333333334584, 267.9220265834811
593.7666666667917, 267.57199548123606
593.800000000125, 268.62347307481355
593.8333333334583, 270.6665943066091
593.8666666667916, 273.2946968902439
593.9000000001249, 276.1935247397219
593.9333333334582, 279.15270812789436
593.9666666667915, 281.9674051706048
594.0000000001248, 284.36841912450467
594.0333333334581, 285.7993390779521
594.0666666667914, 285.62365946258757
594.1000000001247, 283.24171749822153
594.133333333458, 279.02201574464095
594.1666666667913, 274.3734416186577
594.2000000001246, 270.7561961605766
594.233333333458, 269.1970964419454
594.2666666667913, 268.89243527903113
594.3000000001246, 268.5552859745198
594.3333333334579, 266.9625125040335
594.3666666667912, 264.4162420295203
594.4000000001245, 262.7768089791438
594.4333333334578, 263.97493093938135
594.4666666667911, 269.2551456997466
594.5000000001244, 277.13600537008995
594.5333333334577, 285.45921709603823
594.566666666791, 292.11174946665517
594.6000000001243, 295.9594335322019
594.6333333334576, 296.8136311725103
594.6666666667909, 294.52430159051954
594.7000000001242, 289.2740557224668
594.7333333334575, 282.48077468828154
594.7666666667908, 275.84900792973616
594.8000000001241, 271.01692948701896
594.8333333334574, 268.33097507917626
594.8666666667907, 266.96425509691977
594.900000000124, 266.04727579085164
594.9333333334573, 264.9022224797809
594.9666666667906, 263.5126283621824
595.0000000001239, 262.00455687776326
595.0333333334572, 260.52188904957495
595.0666666667905, 259.5191335238389
595.1000000001238, 259.7146482616059
595.1333333334571, 261.8349932383242
595.1666666667904, 266.09381515145367
595.2000000001237, 271.06980237746643
595.233333333457, 275.01658905211644
595.2666666667903, 276.29015260709514
595.3000000001236, 274.83860720474104
595.333333333457, 271.8675449704242
595.3666666667903, 268.6165235652941
595.4000000001236, 266.00421739256717
595.4333333334569, 264.00940509679793
595.4666666667902, 262.4396750775922
595.5000000001235, 261.1086595293373
595.5333333334568, 259.9136038405295
595.5666666667901, 258.81280010282535
595.6000000001234, 257.7661384136587
595.6333333334567, 256.85438053098426
595.66666666679, 256.4819770175486
595.7000000001233, 257.1069914933371
595.7333333334566, 259.11583609098216
595.7666666667899, 262.01608627354386
595.8000000001232, 264.72574754709706
595.8333333334565, 266.1534721377099
595.8666666667898, 265.7128768312662
595.9000000001231, 264.0480287032003
595.9333333334564, 261.9868589661529
595.9666666667897, 260.3218965609574
596.000000000123, 259.4617738285349
596.0333333334563, 259.579976916799
596.0666666667896, 260.8457590345299
596.1000000001229, 263.2586946147597
596.1333333334562, 266.4438418476149
596.1666666667895, 269.9762076600365
596.2000000001228, 273.42022720799395
596.2333333334561, 276.23925446462016
596.2666666667894, 277.8404862828973
596.3000000001227, 277.63351448828234
596.333333333456, 275.4250460751125
596.3666666667893, 271.81232918512706
596.4000000001226, 267.48619063658333
596.433333333456, 263.2025870223855
596.4666666667893, 260.2651018174713
596.5000000001226, 260.25133406978915
596.5333333334559, 264.7213216491042
596.5666666667892, 273.4457768423768
596.6000000001225, 282.9962201233492
596.6333333334558, 289.61239709952514
596.6666666667891, 290.2046446427991
596.7000000001224, 286.62797079858666
596.7333333334557, 282.9491400769294
596.766666666789, 283.2123516392911
596.8000000001223, 289.31105382418633
596.8333333334556, 299.6993307514245
596.8666666667889, 312.5226988502936
596.9000000001222, 325.8510349402597
596.9333333334555, 337.26659303857707
596.9666666667888, 344.15818766363196
597.0000000001221, 343.9600212163008
597.0333333334554, 336.32020166441646
597.0666666667887, 324.0400512121846
597.100000000122, 310.1620258331986
597.1333333334553, 297.3891007614005
597.1666666667886, 286.51743445910745
597.2000000001219, 277.6779099254169
597.2333333334552, 270.9971391079236
597.2666666667885, 266.47087131908125
597.3000000001218, 263.92957789400884
597.3333333334551, 263.1931464089891
597.3666666667884, 264.02101999898576
597.4000000001217, 265.87802364411004
597.433333333455, 268.13935198872684
597.4666666667883, 270.19257651658967
597.5000000001216, 271.774971530257
597.533333333455, 273.01364731591775
597.5666666667883, 274.0561683845742
597.6000000001216, 274.96719780849963
597.6333333334549, 275.46243688482247
597.6666666667882, 275.1657827485262
597.7000000001215, 273.7235768537182
597.7333333334548, 271.27916659399506
597.7666666667881, 268.4624546354777
597.8000000001214, 265.9236923694332
597.8333333334547, 264.15338469874627
597.866666666788, 263.06462740940253
597.9000000001213, 262.4401004513334
597.9333333334546, 262.0759383889558
597.9666666667879, 262.00529495916084
598.0000000001212, 262.4639582889548
598.0333333334545, 263.69413236647625
598.0666666667878, 265.7245439122749
598.1000000001211, 267.9244469371681
598.1333333334544, 269.5361473158562
598.1666666667877, 269.9109611563052
598.200000000121, 269.9442112523098
598.2333333334543, 271.6767660751919
598.2666666667876, 277.17409002140977
598.3000000001209, 287.21126884382574
598.3333333334542, 299.16686941551325
598.3666666667875, 309.86723326027874
598.4000000001208, 316.3594903426203
598.4333333334541, 318.2259068120284
598.4666666667874, 316.6694725721119
598.5000000001207, 312.9188780328479
598.533333333454, 308.06259904518964
598.5666666667873, 302.8753162502458
598.6000000001206, 298.0891028688583
598.633333333454, 294.42123340609834
598.6666666667873, 292.4503957132508
598.7000000001206, 292.6795496340689
598.7333333334539, 295.60305044601523
598.7666666667872, 300.839466956743
598.8000000001205, 306.3440470978486
598.8333333334538, 309.88607711568585
598.8666666667871, 309.50899730921196
598.9000000001204, 305.35854491386084
598.9333333334537, 298.5533485370999
598.966666666787, 290.2176515040297
599.0000000001203, 281.49758865680724
599.0333333334536, 273.574506933756
599.0666666667869, 267.63293700686626
599.1000000001202, 264.62176434233714
599.1333333334535, 264.0073850320577
599.1666666667868, 264.6811056587686
599.2000000001201, 265.5458297112196
599.2333333334534, 266.05882629930727
599.2666666667867, 266.4306054392943
599.30000000012, 266.9254906909502
599.3333333334533, 267.7198935821996
599.3666666667866, 268.5365948030873
599.4000000001199, 268.95248270514656
599.4333333334532, 268.5590460101096
599.4666666667865, 267.3832577900821
599.5000000001198, 265.95023472877216
599.5333333334531, 264.81236599000397
599.5666666667864, 264.40095201717764
599.6000000001197, 264.6361804669964
599.633333333453, 265.30340586420687
599.6666666667863, 266.21560629399676
599.7000000001196, 267.7753366549078
599.733333333453, 270.9503629655622
599.7666666667863, 276.73110706304857
599.8000000001196, 285.28880496918
599.8333333334529, 293.9799898918491
599.8666666667862, 299.5571313111487
599.9000000001195, 299.03025115099064
599.9333333334528, 293.48589206207936
599.9666666667861, 287.2666984163858
600.0000000001194, 284.8039168853843
600.0333333334527, 288.7622343031918
600.066666666786, 296.87796292695975
600.1000000001193, 306.03468271590947
600.1333333334526, 313.2754651083499
600.1666666667859, 317.55809796618155
600.2000000001192, 319.1050816151233
600.2333333334525, 318.16287139331723
600.2666666667858, 315.3223649022885
600.3000000001191, 311.954728612284
600.3333333334524, 309.5385534696885
600.3666666667857, 309.422046775624
600.400000000119, 311.7471629442949
600.4333333334523, 316.00312663468526
600.4666666667856, 321.666612822191
600.5000000001189, 327.59825857141817
600.5333333334522, 331.52486357573315
600.5666666667855, 331.05128816797526
600.6000000001188, 324.41038857342807
600.6333333334521, 314.3594793899015
600.6666666667854, 305.63892267998483
600.7000000001187, 302.9373547693603
600.733333333452, 307.66081819325007
600.7666666667853, 316.3068981376571
600.8000000001186, 324.97125803754096
600.833333333452, 330.2413322791762
600.8666666667852, 331.4792483862489
600.9000000001186, 329.01935848552915
600.9333333334519, 323.22232815066764
600.9666666667852, 315.29520649879134
601.0000000001185, 307.47171543697976
601.0333333334518, 302.0473284394991
601.0666666667851, 300.66755589023296
601.1000000001184, 302.10323436333914
601.1333333334517, 304.33071603183373
601.166666666785, 305.40881179277176
601.2000000001183, 305.2284102241728
601.2333333334516, 305.47702778353056
601.2666666667849, 307.9174971588178
601.3000000001182, 313.5401366843393
601.3333333334515, 320.6664869547642
601.3666666667848, 327.0421894302632
601.4000000001181, 330.5966788168526
601.4333333334514, 332.109920589353
601.4666666667847, 334.6087558185635
601.500000000118, 341.1778336229466
601.5333333334513, 353.01441586692806
601.5666666667846, 366.2287142836186
601.6000000001179, 376.0825135306122
601.6333333334512, 378.31788634047786
601.6666666667845, 374.0630857989134
601.7000000001178, 367.8299316218683
601.7333333334511, 364.17438064503585
601.7666666667844, 366.27585294932754
601.8000000001177, 374.4112230552144
601.833333333451, 388.48951249874506
601.8666666667843, 408.1020760998924
601.9000000001176, 430.2041101634351
601.933333333451, 450.44616309376516
601.9666666667842, 464.5045885070884
602.0000000001176, 470.58361704061906
602.0333333334509, 471.0692818130514
602.0666666667842, 468.7400165136275
602.1000000001175, 466.18787315287506
602.1333333334508, 464.84425783287105
602.1666666667841, 465.69455515979587
602.2000000001174, 469.7067622147231
602.2333333334507, 477.20879932549065
602.266666666784, 487.69702740578913
602.3000000001173, 500.61222510053295
602.3333333334506, 514.7291015902202
602.3666666667839, 525.6907731032488
602.4000000001172, 528.2208360222121
602.4333333334505, 517.3183647372723
602.4666666667838, 494.5343791071778
602.5000000001171, 468.09248895854626
602.5333333334504, 446.51588561669
602.5666666667837, 435.7483163218543
602.600000000117, 432.58932246266477
602.6333333334503, 431.81308282240684
602.6666666667836, 428.44031109412487
602.7000000001169, 421.35919925730354
602.7333333334502, 412.5291969658083
602.7666666667835, 403.9933613646874
602.8000000001168, 397.2071470978092
602.8333333334501, 392.0558501078299
602.8666666667834, 388.16530466912496
602.9000000001167, 385.18777450301997
602.93333333345, 383.0627314413338
602.9666666667833, 381.90585315968656
603.0000000001166, 381.83621611592133
603.03333333345, 383.09226150170184
603.0666666667832, 386.15411112990654
603.1000000001166, 391.5310813065961
603.1333333334499, 399.5785722401177
603.1666666667832, 409.4574406403312
603.2000000001165, 419.7699950326736
603.2333333334498, 429.12349926454726
603.2666666667831, 436.60577415129745
603.3000000001164, 442.04550732664336
603.3333333334497, 445.3346520841695
603.366666666783, 446.43240897943076
603.4000000001163, 445.67718412937404
603.4333333334496, 443.5401803351529
603.4666666667829, 440.4900267580053
603.5000000001162, 436.9100953947335
603.5333333334495, 433.0834987670525
603.5666666667828, 429.28760890661044
603.6000000001161, 425.84608101332935
603.6333333334494, 423.2733274789554
603.6666666667827, 422.1328985803119
603.700000000116, 422.90339507082336
603.7333333334493, 424.45152170300076
603.7666666667826, 424.2018766755913
603.8000000001159, 419.5292947417844
603.8333333334492, 409.44506855890467
603.8666666667825, 397.88323770265333
603.9000000001158, 389.6997237534458
603.9333333334491, 389.5892616840669
603.9666666667824, 400.2509117348366
604.0000000001157, 423.03586137821463
604.033333333449, 459.2478349368701
604.0666666667823, 505.7134280607585
604.1000000001156, 549.3729929619083
604.133333333449, 575.8450001121332
604.1666666667822, 572.7299547027361
604.2000000001156, 544.4021393650171
604.2333333334489, 503.6743373645224
604.2666666667822, 463.35368134419195
604.3000000001155, 431.408729376089
604.3333333334488, 407.9036533820468
604.3666666667821, 392.1730877664288
604.4000000001154, 383.3369746781944
604.4333333334487, 379.2401772320999
604.466666666782, 377.25866702959814
604.5000000001153, 374.8157128880128
604.5333333334486, 370.9449387894519
604.5666666667819, 366.6345070692709
604.6000000001152, 362.9902498953432
604.6333333334485, 360.8836145126931
604.6666666667818, 360.1986709197786
604.7000000001151, 360.5595301703847
604.7333333334484, 361.5665408685004
604.7666666667817, 362.3642570903212
604.800000000115, 361.68677536752847
604.8333333334483, 358.2541926133132
604.8666666667816, 351.71431141055643
604.9000000001149, 344.487028804183
604.9333333334482, 339.5077712496794
604.9666666667815, 339.493330635592
605.0000000001148, 344.5232238419877
605.0333333334481, 352.92895305167895
605.0666666667814, 363.0101231624714
605.1000000001147, 372.96126948460625
605.133333333448, 380.75246944406933
605.1666666667813, 384.3249167235512
605.2000000001146, 381.96503058505283
605.233333333448, 374.725147684422
605.2666666667812, 364.98649974813145
605.3000000001146, 355.1280689908787
605.3333333334479, 346.8960094011926
605.3666666667812, 341.0603323727983
605.4000000001145, 338.307631741942
605.4333333334478, 339.0679605902451
605.4666666667811, 342.3656553876607
605.5000000001144, 346.7460432841932
605.5333333334477, 350.76470353253904
605.566666666781, 353.2801207220087
605.6000000001143, 353.4897709991743
605.6333333334476, 350.6090357286437
605.6666666667809, 344.30665548862356
605.7000000001142, 335.9667319833059
605.7333333334475, 327.37900068707773
605.7666666667808, 320.3021463538697
605.8000000001141, 315.99285929461706
605.8333333334474, 315.3013342428406
605.8666666667807, 319.06401626871906
605.900000000114, 327.0797306382315
605.9333333334473, 336.42934178089575
605.9666666667806, 343.75412837542734
606.0000000001139, 346.04815508691865
606.0333333334472, 343.86306945181207
606.0666666667805, 339.81149652686133
606.1000000001138, 336.51941812453344
606.1333333334471, 335.43245015776046
606.1666666667804, 335.828948849525
606.2000000001137, 336.7548913450712
606.233333333447, 337.24985013287835
606.2666666667803, 336.31102280144347
606.3000000001136, 332.9183951291172
606.333333333447, 326.1189218899587
606.3666666667802, 317.5692475147064
606.4000000001136, 312.3186100962094
606.4333333334469, 315.643233584953
606.4666666667802, 330.6139819858525
606.5000000001135, 350.50629526470385
606.5333333334468, 365.876963730347
606.5666666667801, 367.70400460134357
606.6000000001134, 355.37715405553456
606.6333333334467, 336.04331936832597
606.66666666678, 317.1381622995964
606.7000000001133, 304.10997926547344
606.7333333334466, 296.4586382517016
606.7666666667799, 292.5758426953872
606.8000000001132, 290.8910196521761
606.8333333334465, 290.2755902480607
606.8666666667798, 289.8877832231955
606.9000000001131, 288.89758412787074
606.9333333334464, 287.4805440784074
606.9666666667797, 287.864293810693
607.000000000113, 292.52668424109214
607.0333333334463, 303.4431489796175
607.0666666667796, 318.8771688342198
607.1000000001129, 335.4289956459447
607.1333333334462, 349.7122397001234
607.1666666667795, 359.3399224598375
607.2000000001128, 363.3351182182019
607.2333333334461, 360.82728583580507
607.2666666667794, 351.90540036886085
607.3000000001127, 341.2852812887288
607.333333333446, 335.0755733151556
607.3666666667793, 339.0615802306361
607.4000000001126, 351.84122263679205
607.433333333446, 364.96438616457226
607.4666666667792, 369.686457417322
607.5000000001125, 360.5878481678177
607.5333333334459, 342.7978458455145
607.5666666667792, 323.53286684195893
607.6000000001125, 309.6159991063121
607.6333333334458, 302.98176224153815
607.6666666667791, 302.25385893162263
607.7000000001124, 305.9918159725161
607.7333333334457, 312.50488640315956
607.766666666779, 319.5738342753764
607.8000000001123, 324.91233196793104
607.8333333334456, 326.5319221599277
607.8666666667789, 324.7065088226665
607.9000000001122, 320.7483289863473
607.9333333334455, 315.9647485371177
607.9666666667788, 311.16125851067164
608.0000000001121, 306.42613328597355
608.0333333334454, 301.7925368429979
608.0666666667787, 297.360194227593
608.100000000112, 293.55085369417304
608.1333333334453, 290.8835175056746
608.1666666667786, 289.85903975345394
608.2000000001119, 290.57966690726823
608.2333333334452, 292.7594591766996
608.2666666667785, 296.0963096785846
608.3000000001118, 300.1103384693108
608.3333333334451, 303.768200302429
608.3666666667784, 305.9291490265181
608.4000000001117, 305.57024908113937
608.433333333445, 303.07907390735807
608.4666666667783, 299.77303789061773
608.5000000001116, 296.98180021108203
608.533333333445, 295.4378205642377
608.5666666667782, 294.6601052075166
608.6000000001115, 294.0204580458385
608.6333333334449, 292.98109357513323
608.6666666667782, 291.65311644153485
608.7000000001115, 290.4310814038776
608.7333333334448, 289.70841677717544
608.7666666667781, 289.7802849657432
608.8000000001114, 290.80913746158257
608.8333333334447, 292.94802852640316
608.866666666778, 296.2230214818305
608.9000000001113, 300.090601941455
608.9333333334446, 303.8476339179172
608.9666666667779, 306.81273565864973
609.0000000001112, 308.7240034628714
609.0333333334445, 309.6983857386269
609.0666666667778, 309.8665455338241
609.1000000001111, 309.44990123428994
609.1333333334444, 308.92669718946365
609.1666666667777, 308.820290780803
609.200000000111, 309.6322169433854
609.2333333334443, 311.6347072169875
609.2666666667776, 314.962866239773
609.3000000001109, 319.75327231017974
609.3333333334442, 326.4636386654755
609.3666666667775, 336.1361887985253
609.4000000001108, 349.87513935902075
609.4333333334441, 368.11654035993797
609.4666666667774, 387.1199829327324
609.5000000001107, 401.5345432589443
609.533333333444, 406.1492295047371
609.5666666667773, 400.37875442149334
609.6000000001106, 389.150014671698
609.6333333334439, 377.7122595865018
609.6666666667772, 370.27083986920104
609.7000000001105, 367.0182597823483
609.7333333334439, 367.18292515673664
609.7666666667772, 370.0111506222768
609.8000000001105, 375.02350632219736
609.8333333334438, 381.9549471339281
609.8666666667771, 390.5453194611508
609.9000000001104, 400.2932658761753
609.9333333334437, 410.1209989576314
609.966666666777, 418.86643792814453
610.0000000001103, 425.65765245202795
610.0333333334436, 432.0849950007901
610.0666666667769, 440.9803729870596
610.1000000001102, 455.14048133585004
610.1333333334435, 474.80594390660116
610.1666666667768, 496.3267280082779
610.2000000001101, 515.7263123861159
610.2333333334434, 529.5699849006379
610.2666666667767, 537.1539780767982
610.30000000011, 538.6330286652437
610.3333333334433, 534.2091108353178
610.3666666667766, 525.1298081073148
610.4000000001099, 513.6699397212253
610.4333333334432, 502.1472172396945
610.4666666667765, 492.2625224540449
610.5000000001098, 483.8345329724397
610.5333333334431, 476.3241862144398
610.5666666667764, 469.22715592657016
610.6000000001097, 462.4301010370871
610.633333333443, 456.0659699354615
610.6666666667763, 450.2688387185552
610.7000000001096, 444.87666829701504
610.7333333334429, 439.1691204563608
610.7666666667762, 432.3639961377832
610.8000000001095, 423.9313120607066
610.8333333334429, 414.94970566093946
610.8666666667762, 407.1297293531558
610.9000000001095, 402.1332586894119
610.9333333334428, 400.00275804577205
610.9666666667761, 398.8508132088437
611.0000000001094, 396.6771429726145
611.0333333334427, 392.0881114468136
611.066666666776, 385.97762699657414
611.1000000001093, 379.7786948162495
611.1333333334426, 374.8145749469791
611.1666666667759, 370.81133576691974
611.2000000001092, 366.2881015880001
611.2333333334425, 359.74275365401496
611.2666666667758, 351.60308279938965
611.3000000001091, 346.6643508748862
611.3333333334424, 350.3224315240545
611.3666666667757, 366.7818455170815
611.400000000109, 390.9566786799464
611.4333333334423, 413.3991096309025
611.4666666667756, 424.75756916523545
611.5000000001089, 421.2747007576296
611.5333333334422, 407.0100306910342
611.5666666667755, 386.6047179016168
611.6000000001088, 364.82079888352047
611.6333333334421, 346.96247138748845
611.6666666667754, 338.48587231542473
611.7000000001087, 344.39192643762937
611.733333333442, 361.3820213238976
611.7666666667753, 378.9101140705303
611.8000000001086, 386.19567801509305
611.8333333334419, 377.1114951499114
611.8666666667752, 357.75278718625714
611.9000000001085, 336.19742428384455
611.9333333334419, 319.8567676155131
611.9666666667752, 310.0133211932072
612.0000000001085, 304.64934086580536
612.0333333334418, 301.7267135930911
612.0666666667751, 299.9406764351236
612.1000000001084, 299.1478033995481
612.1333333334417, 299.30750537381806
612.166666666775, 300.3226710422915
612.2000000001083, 301.8063458916858
612.2333333334416, 303.278921442266
612.2666666667749, 304.2701378497578
612.3000000001082, 304.51563318165785
612.3333333334415, 303.9515022320627
612.3666666667748, 302.5222470957771
612.4000000001081, 300.3003456644247
612.4333333334414, 297.7346091399802
612.4666666667747, 295.34267639997944
612.500000000108, 293.5779444503954
612.5333333334413, 292.22447948100796
612.5666666667746, 290.66867476242135
612.6000000001079, 288.29922274006213
612.6333333334412, 285.1298772591632
612.6666666667745, 282.2578225289721
612.7000000001078, 280.88825250767763
612.7333333334411, 281.87633485075713
612.7666666667744, 284.1050676359338
612.8000000001077, 285.7673387578065
612.833333333441, 285.1213472940335
612.8666666667743, 282.0801011222085
612.9000000001076, 278.2905907211143
612.9333333334409, 275.48147458749554
612.9666666667742, 274.802355875459
613.0000000001075, 275.5676999861384
613.0333333334409, 276.7292815063317
613.0666666667742, 277.2907376014981
613.1000000001075, 276.8415946797313
613.1333333334408, 275.34144741679904
613.1666666667741, 272.76371564817424
613.2000000001074, 269.870839291942
613.2333333334407, 268.8695320051258
613.266666666774, 272.1207743338182
613.3000000001073, 281.2653892526141
613.3333333334406, 293.6635209872178
613.3666666667739, 305.09992118930194
613.4000000001072, 311.4942847086328
613.4333333334405, 312.4683571517087
613.4666666667738, 311.6746974634656
613.5000000001071, 312.9689675407849
613.5333333334404, 319.3987122974943
613.5666666667737, 331.35795245078754
613.600000000107, 348.69688877110445
613.6333333334403, 370.91587549911833
613.6666666667736, 393.42804878648326
613.7000000001069, 408.9999814051685
613.7333333334402, 410.3995175179235
613.7666666667735, 395.19223524540644
613.8000000001068, 369.8851121678632
613.8333333334401, 341.96176843226914
613.8666666667734, 318.04064670007944
613.9000000001067, 299.5352760441976
613.93333333344, 285.9220176753648
613.9666666667733, 276.6853674646874
614.0000000001066, 271.6186449105926
614.0333333334399, 270.85246386856437
614.0666666667732, 274.534342066692
614.1000000001065, 282.03565757422257
614.1333333334399, 290.19066226569083
614.1666666667732, 295.31601602552854
614.2000000001065, 294.3038251813535
614.2333333334398, 290.66709251318963
614.2666666667731, 292.1579849342751
614.3000000001064, 306.53945960980275
614.3333333334397, 335.8322280267084
614.366666666773, 371.5553905206749
614.4000000001063, 404.10758964996404
614.4333333334396, 425.12130793041865
614.4666666667729, 433.43453614603186
614.5000000001062, 430.4934567455731
614.5333333334395, 417.8089576224381
614.5666666667728, 398.44988344151244
614.6000000001061, 377.13278430641407
614.6333333334394, 358.6526346546971
614.6666666667727, 346.3448299949825
614.700000000106, 338.98075619327955
614.7333333334393, 334.4421536990468
614.7666666667726, 330.6778096021188
614.8000000001059, 326.36045840892314
614.8333333334392, 320.60483992100694
614.8666666667725, 312.5522707469849
614.9000000001058, 303.01201790778674
614.9333333334391, 295.6791157746545
614.9666666667724, 294.5356086809245
615.0000000001057, 302.7621499539034
615.033333333439, 319.18008106794946
615.0666666667723, 341.13560387766034
615.1000000001056, 365.88491133999634
615.1333333334389, 388.6823751400449
615.1666666667722, 402.80332812898746
615.2000000001055, 401.4428719912249
615.2333333334388, 381.8246105160326
615.2666666667722, 352.75772581431505
615.3000000001055, 325.12138486944883
615.3333333334388, 308.74772207952145
615.3666666667721, 303.3315969276074
615.4000000001054, 302.87977926065895
615.4333333334387, 301.38522997620123
615.466666666772, 295.9419902583903
615.5000000001053, 288.54071185485446
615.5333333334386, 281.60395003681816
615.5666666667719, 277.2745380005913
615.6000000001052, 276.3341273116936
615.6333333334385, 279.15093035654434
615.6666666667718, 285.9936344006373
615.7000000001051, 295.25355484468946
615.7333333334384, 303.647379857189
615.7666666667717, 307.8366510728242
615.800000000105, 305.98846886656946
615.8333333334383, 300.1041090776534
615.8666666667716, 292.786279144133
615.9000000001049, 286.4207565400482
615.9333333334382, 281.58694578475115
615.9666666667715, 277.9676999921189
616.0000000001048, 275.24928405500583
616.0333333334381, 273.568393391816
616.0666666667714, 273.6885034368536
616.1000000001047, 276.4194475225094
616.133333333438, 282.08383427269206
616.1666666667713, 288.96602385736713
616.2000000001046, 294.81746228880246
616.2333333334379, 297.70255636567754
616.2666666667712, 300.4296498554461
616.3000000001045, 309.490477786188
616.3333333334378, 331.44235201963227
616.3666666667712, 366.9605985318827
616.4000000001045, 403.92171377828345
616.4333333334378, 428.519652650497
616.4666666667711, 429.215149959184
616.5000000001044, 410.1013144295781
616.5333333334377, 381.862082696809
616.566666666771, 355.04688488211593
616.6000000001043, 335.1763854328493
616.6333333334376, 321.81226060849093
616.6666666667709, 314.1707646519252
616.7000000001042, 311.1054186799991
616.7333333334375, 310.2161844488012
616.7666666667708, 308.83242077816914
616.8000000001041, 304.5481494605573
616.8333333334374, 298.0725158469288
616.8666666667707, 292.1428157474401
616.900000000104, 289.51387148631784
616.9333333334373, 291.349085352584
616.9666666667706, 295.9501635547657
617.0000000001039, 301.31988633396736
617.0333333334372, 305.6346208771969
617.0666666667705, 308.0279801839104
617.1000000001038, 307.96175616221655
617.1333333334371, 304.95260540034417
617.1666666667704, 299.7170624089167
617.2000000001037, 294.1416071852262
617.233333333437, 290.160212209628
617.2666666667703, 288.93588883429084
617.3000000001036, 289.509347892
617.3333333334369, 290.55926515940286
617.3666666667702, 290.89729188503037
617.4000000001035, 290.5184801367849
617.4333333334368, 290.03841647354994
617.4666666667702, 290.0669552595004
617.5000000001035, 290.65837337849723
617.5333333334368, 291.0669412019083
617.5666666667701, 290.48479215841246
617.6000000001034, 288.3817367547322
617.6333333334367, 285.40982769320385
617.66666666677, 282.5356986099724
617.7000000001033, 280.68198563665686
617.7333333334366, 280.1075482868444
617.7666666667699, 280.5574915945748
617.8000000001032, 281.76354457541976
617.8333333334365, 283.4576062769796
617.8666666667698, 285.37193729463803
617.9000000001031, 287.2388444963905
617.9333333334364, 288.7879066475725
617.9666666667697, 289.7307765905818
618.000000000103, 289.771871368557
618.0333333334363, 288.64234011665917
618.0666666667696, 286.83162452519196
618.1000000001029, 285.67659285649495
618.1333333334362, 286.55847931932016
618.1666666667695, 290.12375382143875
618.2000000001028, 294.69211545497586
618.2333333334361, 298.1237807251359
618.2666666667694, 298.65518540960056
618.3000000001027, 298.4094707239375
618.333333333436, 301.80398317627777
618.3666666667693, 313.2699193254244
618.4000000001026, 336.2034055575022
618.4333333334359, 372.3459423247519
618.4666666667692, 423.29065501411844
618.5000000001025, 487.5228363045075
618.5333333334358, 548.833406288327
618.5666666667692, 586.6745784069134
618.6000000001025, 581.7904408639345
618.6333333334358, 536.9970011787115
618.6666666667691, 473.6169000450422
618.7000000001024, 413.5135757467255
618.7333333334357, 370.99744957909286
618.766666666769, 343.0999043533027
618.8000000001023, 324.44667185391677
618.8333333334356, 310.0650199760743
618.8666666667689, 297.80852371868457
618.9000000001022, 286.74426577797766
618.9333333334355, 276.02495837005563
618.9666666667688, 267.317344516768
619.0000000001021, 265.2286475337721
619.0333333334354, 274.53227846513215
619.0666666667687, 296.8863847796785
619.100000000102, 323.69550617152925
619.1333333334353, 344.2576777468239
619.1666666667686, 348.8573577160238
619.2000000001019, 338.2861886316892
619.2333333334352, 319.6850012698829
619.2666666667685, 300.2425995744709
619.3000000001018, 284.4409747380449
619.3333333334351, 272.3844390969777
619.3666666667684, 263.77861000657435
619.4000000001017, 258.2902085797135
619.433333333435, 255.4020590288926
619.4666666667683, 254.54269087388286
619.5000000001016, 255.13917671671348
619.5333333334349, 256.59429126933827
619.5666666667682, 258.29066877501003
619.6000000001015, 259.6108627190102
619.6333333334348, 260.0495045436919
619.6666666667682, 259.3514045664397
619.7000000001015, 257.29524226473774
619.7333333334348, 253.87325010421839
619.7666666667681, 250.5196823747948
619.8000000001014, 249.26539198960364
619.8333333334347, 252.10435672742304
619.866666666768, 259.93180681583925
619.9000000001013, 272.4152458078598
619.9333333334346, 289.15707417875234
619.9666666667679, 308.91903998984714
620.0000000001012, 579.868726418946
620.0333333334345, 579.6360684165924
620.0666666667678, 577.2853344308894
620.1000000001011, 573.5114507639836
620.1333333334344, 569.0436513365642
620.1666666667677, 564.6111700693201
620.200000000101, 560.9432408829413
620.2333333334343, 558.7401966621619
620.2666666667676, 558.1117784749802
620.3000000001009, 558.6156010710083
620.3333333334342, 559.788082203903
620.3666666667675, 561.1656396273207
620.4000000001008, 562.2846910949181
620.4333333334341, 562.7034241366018
620.4666666667674, 562.3639114746288
620.5000000001007, 561.5366243905108
620.533333333434, 560.5026217617908
620.5666666667673, 559.5429624660117
620.6000000001006, 558.938705380716
620.6333333334339, 558.9546457902902
620.6666666667672, 559.6066518400784
620.7000000001005, 560.7160747998271
620.7333333334338, 562.0990923348643
620.7666666667672, 563.5718821105179
620.8000000001005, 564.9506217921157
620.8333333334338, 566.0618488221188
620.8666666667671, 566.8704177543991
620.9000000001004, 567.4397188554657
620.9333333334337, 567.8352579303969
620.966666666767, 568.1225407842713
621.0000000001003, 568.3670732221676
621.0333333334336, 568.7252466300866
621.0666666667669, 570.4164179931239
621.1000000001002, 575.3487897236827
621.1333333334335, 585.4421833088967
621.1666666667668, 602.6164202358999
621.2000000001001, 628.7913219918263
621.2333333334334, 665.4343638270606
621.2666666667667, 709.3622763518888
621.3000000001, 754.6567687326943
621.3333333334333, 795.3645349069797
621.3666666667666, 825.5322688122476
621.4000000000999, 839.2066643860002
621.4333333334332, 831.2685125742566
621.4666666667665, 804.1590595581409
621.5000000000998, 764.3436397978431
621.5333333334331, 718.3249678564972
621.5666666667664, 672.6057582972376
621.6000000000997, 633.6887256831978
621.633333333433, 607.3335907824442
621.6666666667663, 593.3490613927058
621.7000000000996, 588.6853886428149
621.7333333334329, 590.2746966296806
621.7666666667662, 595.0491094502122
621.8000000000995, 599.9407512013189
621.8333333334328, 602.2233348162952
621.8666666667662, 601.5923383703263
621.9000000000995, 598.7897256784813
621.9333333334328, 594.5616171799539
621.9666666667661, 589.6541333139387
622.0000000000994, 584.8133945196292
622.0333333334327, 580.6895464116665
622.066666666766, 577.3297350963703
622.1000000000993, 574.5474741942646
622.1333333334326, 572.1557668145575
622.1666666667659, 569.9676160664569
622.2000000000992, 567.7960250591707
622.2333333334325, 565.5166519157793
622.2666666667658, 563.3542280764265
622.3000000000991, 561.6543358000082
622.3333333334324, 560.7626745110028
622.3666666667657, 561.0249436338886
622.400000000099, 562.7868425931435
622.4333333334323, 566.1910498071271
622.4666666667656, 570.3771779326921
622.5000000000989, 574.1756050037719
622.5333333334322, 576.416621662236
622.5666666667655, 575.9305185499546
622.6000000000988, 571.5475863087972
622.6333333334321, 562.8819818337591
622.6666666667654, 552.9805138550809
622.7000000000987, 545.829360234912
622.733333333432, 545.4147224319572
622.7666666667653, 555.7228019049207
622.8000000000986, 580.7397979321705
622.8333333334319, 622.4627922355223
622.8666666667652, 675.1771925393627
622.9000000000985, 731.2998155645591
622.9333333334318, 783.2474780319787
622.9666666667651, 823.4369966624893
623.0000000000985, 844.2855074921508
623.0333333334318, 840.9180347476993
623.0666666667651, 817.7429743859216
623.1000000000984, 781.156503884076
623.1333333334317, 737.5548007194219
623.166666666765, 693.3340423692177
623.2000000000983, 654.8892658621727
623.2333333334316, 626.7823175864747
623.2666666667649, 608.019148299403
623.3000000000982, 596.5571540069203
623.3333333334315, 590.3537307149895
623.3666666667648, 587.366274429573
623.4000000000981, 585.5532021336718
623.4333333334314, 583.4697470729623
623.4666666667647, 581.270743213917
623.500000000098, 579.3762097509658
623.5333333334313, 578.2061658785395
623.5666666667646, 578.180630791068
623.6000000000979, 579.7184012284862
623.6333333334312, 582.8903123010967
623.6666666667645, 586.94190570352
623.7000000000978, 590.9990535083127
623.7333333334311, 594.1876277880323
623.7666666667644, 595.6335006152353
623.8000000000977, 594.4661071172347
623.833333333431, 590.3972420417259
623.8666666667643, 584.3618720964328
623.9000000000976, 577.4492741719712
623.9333333334309, 570.748725158958
623.9666666667642, 565.3495019480092
624.0000000000975, 562.3341959233298
624.0333333334308, 562.0884637627598
624.0666666667641, 563.7008273701899
624.1000000000975, 566.1183591041308
624.1333333334308, 568.2881313230936
624.1666666667641, 569.1572163855886
624.2000000000974, 567.6893453623964
624.2333333334307, 564.038677365513
624.266666666764, 560.3235802925584
624.3000000000973, 558.8461090769928
624.3333333334306, 561.9083186522763
624.3666666667639, 571.8122639518692
624.4000000000972, 590.8103892301007
624.4333333334305, 618.5951097132669
624.4666666667638, 651.1134337631471
624.5000000000971, 684.0148701585582
624.5333333334304, 712.9489276783169
624.5666666667637, 733.5651151012396
624.600000000097, 741.5937374198255
624.6333333334303, 735.8953418744662
624.6666666667636, 719.3905857029505
624.7000000000969, 695.2708488244859
624.7333333334302, 666.7275111582792
624.7666666667635, 636.9519526235377
624.8000000000968, 609.1037743873625
624.8333333334301, 585.390169618357
624.8666666667634, 566.9237134666804
624.9000000000967, 554.7565875350266
624.93333333343, 549.9409734260898
624.9666666667633, 553.5290527425643
625.0000000000966, 566.4757781761755
625.0333333334299, 587.4286247379625
625.0666666667632, 612.6873197319725
625.1000000000965, 638.4463067902489
625.1333333334298, 660.9000295448348
625.1666666667631, 676.2429316277736
625.2000000000965, 680.8521919063188
625.2333333334298, 674.6034028115166
625.2666666667631, 660.5188849304621
625.3000000000964, 641.7331094168046
625.3333333334297, 621.3805474241933
625.366666666763, 602.5956701062773
625.4000000000963, 588.3597737442425
625.4333333334296, 579.2532477424337
625.4666666667629, 573.9508979934888
625.5000000000962, 571.075081079818
625.5333333334295, 569.2481535838318
625.5666666667628, 567.0924720879403
625.6000000000961, 563.3244732877657
625.6333333334294, 557.8823274146866
625.6666666667627, 551.5578185334481
625.700000000096, 545.1602069713811
625.7333333334293, 539.4987530558166
625.7666666667626, 535.382717114086
625.8000000000959, 533.5403468630246
625.8333333334292, 533.8199902648219
625.8666666667625, 535.5303798164749
625.9000000000958, 537.9724350963664
625.9333333334291, 540.4470756828795
625.9666666667624, 542.2552211543965
626.0000000000957, 542.7767609508539
626.033333333429, 542.1143283182685
626.0666666667623, 540.7582570522378
626.1000000000956, 539.2025798831288
626.1333333334289, 537.9413295413091
626.1666666667622, 537.4685387571457
626.2000000000955, 538.1992519938117
626.2333333334288, 539.9358552821583
626.2666666667621, 542.1944143663728
626.3000000000955, 544.4893732370538
626.3333333334288, 546.3351758848004
626.3666666667621, 547.2462663002111
626.4000000000954, 546.826025839388
626.4333333334287, 545.264913250736
626.466666666762, 542.9913481818994
626.5000000000953, 540.4344277550894
626.5333333334286, 538.0232490925163
626.5666666667619, 536.186909316391
626.6000000000952, 535.2763501430265
626.6333333334285, 535.2022312339576
626.6666666667618, 535.7211709446101
626.7000000000951, 536.5896245688912
626.7333333334284, 537.5640474007082
626.7666666667617, 538.4008947339682
626.800000000095, 538.9036965232282
626.8333333334283, 539.1026206092366
626.8666666667616, 539.0959539492678
626.9000000000949, 538.9819968436268
626.9333333334282, 538.8590495926181
626.9666666667615, 538.8254124965468
627.0000000000948, 538.9541057445559
627.0333333334281, 539.2141301828467
627.0666666667614, 539.5477364414572
627.1000000000947, 539.8971751286786
627.133333333428, 540.204696852801
627.1666666667613, 540.412553658042
627.2000000000946, 540.4830075525397
627.2333333334279, 540.4486177002168
627.2666666667612, 540.3573720775328
627.3000000000945, 540.2572586609475
627.3333333334278, 540.1962654269206
627.3666666667611, 540.2223664829419
627.4000000000945, 540.3633498946925
627.4333333334278, 540.5864380895772
627.4666666667611, 540.8475419598369
627.5000000000944, 541.1025723977127
627.5333333334277, 541.3074402954458
627.566666666761, 541.4181424905026
627.6000000000943, 541.4286816595542
627.6333333334276, 541.4306061773138
627.6666666667609, 541.5308959921963
627.7000000000942, 541.8365310526162
627.7333333334275, 542.4544913069883
627.7666666667608, 543.4913938860094
627.8000000000941, 544.9816290039772
627.8333333334274, 546.8006837890931
627.8666666667607, 548.8028883811377
627.900000000094, 550.8425729198909
627.9333333334273, 552.7740675451329
627.9666666667606, 554.452819028543
628.0000000000939, 555.8568868467104
628.0333333334272, 557.196019196131
628.0666666667605, 558.7057060848604
628.1000000000938, 560.6214375209535
628.1333333334271, 563.1787035124655
628.1666666667604, 566.6091507880736
628.2000000000937, 570.8813240871684
628.233333333427, 575.5360827284716
628.2666666667603, 580.0750704215557
628.3000000000936, 583.9999308759935
628.3333333334269, 586.8123078013575
628.3666666667602, 588.0221590048262
628.4000000000935, 587.5241025927303
628.4333333334268, 585.7512209105867
628.4666666667601, 583.1767663242
628.5000000000935, 580.2739911993746
628.5333333334268, 577.5161479019154
628.56666666676, 575.3698756258367
628.6000000000934, 574.0830528582111
628.6333333334267, 573.6397553983775
628.66666666676, 574.0083383765146
628.7000000000933, 575.1571569228015
628.7333333334266, 577.0545661674167
628.7666666667599, 579.6659870449317
628.8000000000932, 582.8845482322062
628.8333333334265, 586.5283109861246
628.8666666667598, 590.4118470886064
628.9000000000931, 594.3497283215698
628.9333333334264, 598.1565264669339
628.9666666667597, 601.6492546643485
629.000000000093, 604.691110539089
629.0333333334263, 607.1865362565967
629.0666666667596, 609.0414233857556
629.1000000000929, 610.16166349545
629.1333333334262, 610.4531481545637
629.1666666667595, 609.838854723903
629.2000000000928, 608.4957229161947
629.2333333334261, 606.7953315351632
629.2666666667594, 605.1142166613014
629.3000000000927, 603.8289143751022
629.333333333426, 603.3159607570587
629.3666666667593, 603.9189401733953
629.4000000000926, 605.5897765190158
629.4333333334259, 608.0235666018676
629.4666666667592, 610.910936738783
629.5000000000925, 613.9425132465944
629.5333333334258, 616.8089224421343
629.5666666667591, 619.2109376016001
629.6000000000925, 620.9470682480242
629.6333333334258, 621.870440780398
629.666666666759, 621.834778156155
629.7000000000924, 620.6938033327286
629.7333333334257, 618.3012392675524
629.766666666759, 614.6946708194145
629.8000000000923, 611.3611581445989
629.8333333334256, 610.4746565523977
629.8666666667589, 614.2132444005299
629.9000000000922, 624.7550000467145
629.9333333334255, 644.2780018486707
629.9666666667588, 674.225910631165
630.0000000000921, 711.2700908961406
630.0333333334254, 750.1749775697814
630.0666666667587, 785.6999979463981
630.100000000092, 812.604579320302
630.1333333334253, 825.6481489858044
630.1666666667586, 820.8502337738811
630.2000000000919, 801.0101776217166
630.2333333334252, 771.1975470147016
630.2666666667585, 736.483539634483
630.3000000000918, 701.9393531627077
630.3333333334251, 672.6361852810222
630.3666666667584, 652.6074345416349
630.4000000000917, 641.2532515412905
630.433333333425, 636.6812885729807
630.4666666667583, 636.9991410646912
630.5000000000916, 640.3144044444077
630.5333333334249, 644.73467954705
630.5666666667582, 648.7132957069683
630.6000000000915, 651.9841527062584
630.6333333334248, 654.5775745963296
630.6666666667581, 656.5238854285915
630.7000000000914, 657.853409254453
630.7333333334248, 658.5964891408946
630.766666666758, 658.8188308442775
630.8000000000914, 658.6948372101116
630.8333333334247, 658.4197272934691
630.866666666758, 658.1887201494227
630.9000000000913, 658.1970348330442
630.9333333334246, 658.6396165035826
630.9666666667579, 659.592868091276
631.0000000000912, 660.8300177268219
631.0333333334245, 662.0765163860067
631.0666666667578, 663.0578150446178
631.1000000000911, 663.4993646784417
631.1333333334244, 663.1280116039021
631.1666666667577, 661.9147729833478
631.200000000091, 660.3520342749922
631.2333333334243, 658.9992345029358
631.2666666667576, 658.4158126912797
631.3000000000909, 659.1612078641249
631.3333333334242, 661.7913960495406
631.3666666667575, 666.5459106934788
631.4000000000908, 673.0983518812618
631.4333333334241, 681.063608717074
631.4666666667574, 690.0565703051001
631.5000000000907, 699.6921257495243
631.533333333424, 709.5813968648247
631.5666666667573, 719.1276797928837
631.6000000000906, 727.4221978250674
631.6333333334239, 733.530471242195
631.6666666667572, 736.5180203250848
631.7000000000905, 735.4503653545556
631.7333333334238, 729.4253657920309
631.7666666667571, 718.7212790102145
631.8000000000904, 705.1067405219409
631.8333333334238, 690.4457796699346
631.866666666757, 676.6024257969199
631.9000000000904, 665.4407082456216
631.9333333334237, 658.7676332297949
631.966666666757, 656.9251654578203
632.0000000000903, 658.6995023336566
632.0333333334236, 662.8016524343806
632.0666666667569, 667.9426243370692
632.1000000000902, 672.8334266187993
632.1333333334235, 676.2294836351073
632.1666666667568, 677.7252196353517
632.2000000000901, 677.6636527171426
632.2333333334234, 676.4140618350052
632.2666666667567, 674.345725943465
632.30000000009, 671.8279239970477
632.3333333334233, 669.2235975406921
632.3666666667566, 666.8048556122221
632.4000000000899, 664.7758721992775
632.4333333334232, 663.3391848326173
632.4666666667565, 662.697331043001
632.5000000000898, 663.0528483611877
632.5333333334231, 664.5747488458928
632.5666666667564, 667.058959061636
632.6000000000897, 670.0683816337521
632.633333333423, 673.1623662152772
632.6666666667563, 675.9002624592472
632.7000000000896, 677.8414200186984
632.7333333334229, 678.6239651941042
632.7666666667562, 678.5781854633469
632.8000000000895, 678.3935372183795
632.8333333334228, 678.7625291468823
632.8666666667561, 680.3776699365366
632.9000000000894, 683.9314682750228
632.9333333334228, 689.9570600880777
632.966666666756, 697.8688207672361
633.0000000000894, 706.6019223743308
633.0333333334227, 715.0897140576282
633.066666666756, 722.2655449653942
633.1000000000893, 727.062764245895
633.1333333334226, 728.7340679047785
633.1666666667559, 728.3370782086843
633.2000000000892, 727.562875028796
633.2333333334225, 728.103226049075
633.2666666667558, 731.6498989534828
633.3000000000891, 739.8946614259803
633.3333333334224, 754.0330223138516
633.3666666667557, 772.9929477183176
633.400000000089, 795.0551202660196
633.4333333334223, 818.5001731471616
633.4666666667556, 841.608739551948
633.5000000000889, 862.6614582689897
633.5333333334222, 880.2706431417131
633.5666666667555, 894.2746341134808
633.6000000000888, 904.794992208428
633.6333333334221, 911.9532784506898
633.6666666667554, 915.8710538644015
633.7000000000887, 916.6699975177492
633.733333333422, 914.6396005914398
633.7666666667553, 910.5716243323634
633.8000000000886, 905.3513982015139
633.8333333334219, 899.8642516598849
633.8666666667552, 894.9955141684699
633.9000000000885, 891.6298193808125
633.9333333334218, 890.4252265821551
633.9666666667551, 891.4884774418376
634.0000000000884, 894.8440597501108
634.0333333334218, 900.5164612972263
634.066666666755, 908.5301698734354
634.1000000000884, 918.9081891653406
634.1333333334217, 931.4779882523449
634.166666666755, 945.6783780732325
634.2000000000883, 960.9022474013397
634.2333333334216, 976.5424850100029
634.2666666667549, 991.9919796725588
634.3000000000882, 1006.6504588391073
634.3333333334215, 1020.3898092013239
634.3666666667548, 1033.8517268510845
634.4000000000881, 1047.7487727668351
634.4333333334214, 1062.7935079270217
634.4666666667547, 1079.6984933100898
634.500000000088, 1099.1665531998578
634.5333333334213, 1121.4934269779285
634.5666666667546, 1146.428887057401
634.6000000000879, 1173.6844403236412
634.6333333334212, 1202.971593662015
634.6666666667545, 1234.0018539578882
634.7000000000878, 1266.499898478192
634.7333333334211, 1300.555312031274
634.7666666667544, 1336.6607587442388
634.8000000000877, 1375.3297311774
634.833333333421, 1417.07572189107
634.8666666667543, 1462.412223445562
634.9000000000876, 1511.8101043426445
634.9333333334209, 1564.9092380237805
634.9666666667542, 1620.5938757896404
635.0000000000875, 1677.7207622014944
635.0333333334208, 1735.1466418206103
635.0666666667541, 1791.7282592082581
635.1000000000874, 1846.4554216833128
635.1333333334208, 1900.2206338154979
635.166666666754, 1955.3372058520672
635.2000000000874, 2014.152548228313
635.2333333334207, 2079.0140713795286
635.266666666754, 2152.2691857410064
635.3000000000873, 2236.056390054578
635.3333333334206, 2330.2582642317125
635.3666666667539, 2433.3799656027895
635.4000000000872, 2543.906957800492
635.4333333334205, 2660.3247044575046
635.4666666667538, 2781.1186692065125
635.5000000000871, 2905.915934877342
635.5333333334204, 3043.8456148438586
635.5666666667537, 3208.7511843763305
635.600000000087, 3414.510065052928
635.6333333334203, 3674.9996784518166
635.6666666667536, 4004.097446151167
635.7000000000869, 4419.199316552967
635.7333333334202, 4960.588258226699
635.7666666667535, 5677.7010285559545
635.8000000000868, 6619.998551822279
635.8333333334201, 7836.941752307218
635.8666666667534, 9377.99155429231
635.9000000000867, 11271.882825723342
635.93333333342, 13441.106819519468
635.9666666667533, 15774.203950539099
636.0000000000866, 18159.699648532373
636.0333333334199, 20486.119343249404
636.0666666667532, 22641.98846444034
636.1000000000865, 24525.847522597367
636.1333333334198, 26076.833733180923
636.1666666667531, 27244.36937396693
636.2000000000864, 27977.876723615722
636.2333333334198, 28226.778060787678
636.266666666753, 27940.507324300415
636.3000000000864, 27104.023289216268
636.3333333334197, 25816.211767895817
636.366666666753, 24198.75017614787
636.4000000000863, 22373.315929781264
636.4333333334196, 20461.5864446048
636.4666666667529, 18585.167996707227
636.5000000000862, 16835.561745724204
636.5333333334195, 15227.561044662441
636.5666666667528, 13763.919999396485
636.6000000000861, 12447.39271580089
636.6333333334194, 11280.733299750216
636.6666666667527, 10266.647668209001
636.700000000086, 9400.872651663778
636.7333333334193, 8664.950070351737
636.7666666667526, 8038.694776802646
636.8000000000859, 7501.921623546276
636.8333333334192, 7034.445463112397
636.8666666667525, 6616.174618734584
636.9000000000858, 6233.548325309468
636.9333333334191, 5883.69824776629
636.9666666667524, 5564.7457723268
637.0000000000857, 5274.812285212749
637.033333333419, 5012.01917264589
637.0666666667523, 4774.471867278145
637.1000000000856, 4559.631657267372
637.1333333334189, 4364.1089393406255
637.1666666667522, 4184.455800292869
637.2000000000855, 4017.224326919069
637.2333333334188, 3858.966606014195
637.2666666667521, 3706.3229182930713
637.3000000000854, 3558.222173864228
637.3333333334188, 3416.036520859032
637.366666666752, 3281.257264483865
637.4000000000854, 3155.375709945107
637.4333333334187, 3039.883162449141
637.466666666752, 2936.1493543099996
637.5000000000853, 2843.373146242166
637.5333333334186, 2758.881818578308
637.5666666667519, 2679.94135023883
637.6000000000852, 2603.8177201441354
637.6333333334185, 2527.7769072146275
637.6666666667518, 2449.2996555154405
637.7000000000851, 2368.6292044685497
637.7333333334184, 2287.925986771366
637.7666666667517, 2209.389036880988
637.800000000085, 2135.217389254513
637.8333333334183, 2067.61007834904
637.8666666667516, 2008.5029793052543
637.9000000000849, 1957.3163369640113
637.9333333334182, 1912.0730428126649
637.9666666667515, 1870.7810191844728
638.0000000000848, 1831.4481884126924
638.0333333334181, 1792.0824728305815
638.0666666667514, 1751.0051419146027
638.1000000000847, 1708.8106794791806
638.133333333418, 1667.0959903017701
638.1666666667513, 1627.4623657363281
638.2000000000846, 1591.5110971368101
638.2333333334179, 1560.843475857172
638.2666666667512, 1536.658063182343
638.3000000000845, 1517.9069550438892
638.3333333334178, 1502.7636154594209
638.3666666667511, 1489.4007461664512
638.4000000000844, 1475.9910489024949
638.4333333334177, 1460.7072254050656
638.466666666751, 1442.1153725545387
638.5000000000844, 1420.4797898471993
638.5333333334177, 1396.5229113844498
638.566666666751, 1370.9671782282576
638.6000000000843, 1344.5350314405914
638.6333333334176, 1317.9488875136517
638.6666666667509, 1291.7948480951375
638.7000000000842, 1266.2030745914667
638.7333333334175, 1241.2085138221373
638.7666666667508, 1216.8461126066468
638.8000000000841, 1193.1508177644932
638.8333333334174, 1170.1580534157724
638.8666666667507, 1148.13353850911
638.900000000084, 1127.9424285132357
638.9333333334173, 1110.54616671528
638.9666666667506, 1096.906196402374
639.0000000000839, 1087.9839608616476
639.0333333334172, 1084.734491480589
639.0666666667505, 1087.1787649230125
639.1000000000838, 1093.431668346569
639.1333333334171, 1101.3756781915706
639.1666666667504, 1108.8932708983293
639.2000000000837, 1113.866922907158
639.233333333417, 1114.1937851585399
639.2666666667503, 1108.749722878038
639.3000000000836, 1097.9869694757424
639.3333333334169, 1082.5005433146189
639.3666666667502, 1062.8854627576352
639.4000000000835, 1039.7367461677577
639.4333333334168, 1013.6605082115137
639.4666666667501, 985.678115608143
639.5000000000834, 957.3412192897542
639.5333333334167, 930.2360050163827
639.56666666675, 905.9486585480628
639.6000000000834, 886.0653656448297
639.6333333334167, 872.1667934801625
639.66666666675, 865.7033882556317
639.7000000000833, 867.9935187755358
639.7333333334166, 880.3496639492236
639.7666666667499, 904.0843026860433
639.8000000000832, 940.5099138953433
639.8333333334165, 990.6055135342972
639.8666666667498, 1050.013064855002
639.9000000000831, 1110.0807672484382
639.9333333334164, 1162.0351143609191
639.9666666667497, 1197.1025998387581
640.000000000083, 1206.5097173282688
640.0333333334163, 1182.463393841203
640.0666666667496, 1128.333512732488
640.1000000000829, 1054.5820187801564
640.1333333334162, 971.7842192423973
640.1666666667495, 890.5154213773993
640.2000000000828, 821.3509324433518
640.2333333334161, 773.707937780355
640.2666666667494, 747.3232374724156
640.3000000000827, 737.1137035594126
640.333333333416, 737.9610289516171
640.3666666667493, 744.7469065592994
640.4000000000826, 752.3530292927304
640.4333333334159, 756.3593262898711
640.4666666667492, 756.7171316104195
640.5000000000825, 755.0659575439992
640.5333333334158, 753.0489311507657
640.5666666667491, 752.3091794908738
640.6000000000824, 754.4898296244792
640.6333333334157, 760.7493919855257
640.666666666749, 769.9485881110611
640.7000000000824, 780.2678090390416
640.7333333334157, 789.8873412777543
640.766666666749, 796.9874713354861
640.8000000000823, 799.7485184863026
640.8333333334156, 797.205893839372
640.8666666667489, 791.4759235700407
640.9000000000822, 785.3685719208772
640.9333333334155, 781.69380313445
640.9666666667488, 783.2615814533275
641.0000000000821, 792.8793050567652
641.0333333334154, 811.5684404654332
641.0666666667487, 835.4437124045501
641.100000000082, 859.7845585107063
641.1333333334153, 879.8704164204928
641.1666666667486, 890.9807237704997
641.2000000000819, 888.4131667720197
641.2333333334152, 870.521242569359
641.2666666667485, 842.1147925820121
641.3000000000818, 808.8238207922183
641.3333333334151, 776.2783311822157
641.3666666667484, 750.1083277342431
641.4000000000817, 735.8965788769634
641.433333333415, 735.9199105920882
641.4666666667483, 747.0394917779022
641.5000000000816, 765.614817033562
641.5333333334149, 788.0053809582239
641.5666666667482, 810.570678151045
641.6000000000815, 829.723963467155
641.6333333334148, 843.891330777359
641.6666666667481, 854.0698788487433
641.7000000000814, 861.4242003422399
641.7333333334147, 867.1188879187795
641.766666666748, 872.3185342392941
641.8000000000814, 878.1417667809259
641.8333333334147, 884.6535468662022
641.866666666748, 890.8671287514343
641.9000000000813, 895.7501933272489
641.9333333334146, 898.2704214842732
641.9666666667479, 897.3954941131339
642.0000000000812, 892.1543460398638
642.0333333334145, 882.5086972884143
642.0666666667478, 869.1467279216356
642.1000000000811, 852.7757967956575
642.1333333334144, 834.1032627666101
642.1666666667477, 813.8364846906234
642.200000000081, 792.691663966387
642.2333333334143, 771.4792192231258
642.2666666667476, 751.0665148344702
642.3000000000809, 732.3217057760808
642.3333333334142, 716.1129470236187
642.3666666667475, 703.3083935527449
642.4000000000808, 694.6036144105252
642.4333333334141, 689.3640785098501
642.4666666667474, 686.3370511254095
642.5000000000807, 684.2663765373286
642.533333333414, 681.8958990257323
642.5666666667473, 677.9694628707458
642.6000000000806, 671.5358409141874
642.6333333334139, 663.3781349495813
642.6666666667472, 654.8917727685266
642.7000000000805, 647.4728797690968
642.7333333334138, 642.517581349367
642.7666666667471, 641.4220029074112
642.8000000000804, 645.0899855451025
642.8333333334137, 652.3388790613774
642.866666666747, 661.4333443077732
642.9000000000804, 670.6380383884665
642.9333333334137, 678.2176184076347
642.966666666747, 682.436952215208
643.0000000000803, 682.1083580123219
643.0333333334136, 677.7773887355006
643.0666666667469, 670.3317952389203
643.1000000000802, 660.6593283767571
643.1333333334135, 649.6477390031868
643.1666666667468, 638.184229614727
643.2000000000801, 626.9962043872328
643.2333333334134, 616.4303218431854
643.2666666667467, 606.7777484681058
643.30000000008, 598.3296507475145
643.3333333334133, 591.3771951669322
643.3666666667466, 586.2091962477864
643.4000000000799, 582.8905003787816
643.4333333334132, 581.0802752220658
643.4666666667465, 580.3949231822315
643.5000000000798, 580.450846663871
643.5333333334131, 580.8644480715762
643.5666666667464, 581.2571374644556
643.6000000000797, 581.4772708010678
643.633333333413, 581.6881759200472
643.6666666667463, 582.0763885678984
643.7000000000796, 582.8284444911252
643.7333333334129, 584.1308794362316
643.7666666667462, 586.1549805073324
643.8000000000795, 588.6762251999158
643.8333333334128, 591.0474816387859
643.8666666667461, 592.6010021409631
643.9000000000794, 592.6690390234687
643.9333333334127, 590.5838446033227
643.966666666746, 585.7277738232654
644.0000000000794, 578.3109735515503
644.0333333334127, 569.2232975705691
644.066666666746, 559.3747241400102
644.1000000000793, 549.6752315195623
644.1333333334126, 541.0347979689142
644.1666666667459, 534.2981257576756
644.2000000000792, 529.5776432499068
644.2333333334125, 526.5256571619327
644.2666666667458, 524.7873402090262
644.3000000000791, 524.0078651064614
644.3333333334124, 523.8324045695117
644.3666666667457, 523.9249295830513
644.400000000079, 524.0984869969537
644.4333333334123, 524.2371269515139
644.4666666667456, 524.2253346914738
644.5000000000789, 523.9475954615765
644.5333333334122, 523.288394506564
644.5666666667455, 522.1641195885273
644.6000000000788, 520.6743512456924
644.6333333334121, 518.9839355399323
644.6666666667454, 517.2577983661696
644.7000000000787, 515.6608656193265
644.733333333412, 514.3580631943258
644.7666666667453, 513.468878185676
644.8000000000786, 512.9216912888744
644.8333333334119, 512.5946497651008
644.8666666667452, 512.3659006521038
644.9000000000785, 512.1135909876328
644.9333333334118, 511.7158783014194
644.9666666667451, 511.07156196606763
645.0000000000784, 510.14322346384307
645.0333333334117, 508.90572537168595
645.066666666745, 507.333930266537
645.1000000000784, 505.40270072533656
645.1333333334117, 503.08756852679824
645.166666666745, 500.52446368414866
645.2000000000783, 498.21674315340266
645.2333333334116, 496.7189949169044
645.2666666667449, 496.58580695699834
645.3000000000782, 498.37176725602865
645.3333333334115, 502.62454368119387
645.3666666667448, 509.334721855736
645.4000000000781, 517.536121058547
645.4333333334114, 526.1682981757833
645.4666666667447, 534.170810093601
645.500000000078, 540.4832136981563
645.5333333334113, 544.0619362084905
645.5666666667446, 544.5183407283274
645.6000000000779, 542.3140559208041
645.6333333334112, 537.9674829186308
645.6666666667445, 531.9970228545172
645.7000000000778, 524.9210768611736
645.7333333334111, 517.2575017032357
645.7666666667444, 509.51197349928964
645.8000000000777, 502.1781735718962
645.833333333411, 495.7492760483016
645.8666666667443, 490.71845505575203
645.9000000000776, 487.5788847214938
645.9333333334109, 486.78365425557325
645.9666666667442, 488.21394782041676
646.0000000000775, 491.32453513603673
646.0333333334108, 495.5599874812537
646.0666666667441, 500.3648761348882
646.1000000000774, 505.18377237576095
646.1333333334107, 509.4790760618118
646.166666666744, 512.8855610958052
646.2000000000774, 515.1346148903085
646.2333333334107, 515.9586902772365
646.266666666744, 515.090240088505
646.3000000000773, 512.2617171560288
646.3333333334106, 507.3121922219225
646.3666666667439, 500.80542162221946
646.4000000000772, 493.6067571093403
646.4333333334105, 486.5825408819242
646.4666666667438, 480.59911513861044
646.5000000000771, 476.5228220780376
646.5333333334104, 475.0230256824868
646.5666666667437, 475.8088724771497
646.600000000077, 478.2973545868355
646.6333333334103, 481.90539544133367
646.6666666667436, 486.04991847043334
646.7000000000769, 490.14785393160054
646.7333333334102, 493.71517417811816
646.7666666667435, 496.6164210458065
646.8000000000768, 498.7927787938608
646.8333333334101, 500.1854316814764
646.8666666667434, 500.7355639678485
646.9000000000767, 500.38452710236686
646.93333333341, 499.1459943768646
646.9666666667433, 497.21858792949257
647.0000000000766, 494.830073119136
647.0333333334099, 492.20821530468027
647.0666666667432, 489.58077984501045
647.1000000000765, 487.1747871730731
647.1333333334098, 485.1365988533916
647.1666666667431, 483.4607799242641
647.2000000000764, 482.1251139730711
647.2333333334097, 481.10738458719334
647.266666666743, 480.38537535401133
647.3000000000764, 479.9361035640583
647.3333333334097, 479.7011424060788
647.366666666743, 479.5724543231826
647.4000000000763, 479.4383013278485
647.4333333334096, 479.18694543255486
647.4666666667429, 478.70664864978056
647.5000000000762, 477.8898808489204
647.5333333334095, 476.73433104773795
647.5666666667428, 475.3478205765964
647.6000000000761, 473.84336189722995
647.6333333334094, 472.33396747137306
647.6666666667427, 470.93264976076
647.700000000076, 469.75002310662035
647.7333333334093, 468.8599335488177
647.7666666667426, 468.3074630790672
647.8000000000759, 468.1369267279519
647.8333333334092, 468.392639526055
647.8666666667425, 469.11891650395927
647.9000000000758, 470.3475149187969
647.9333333334091, 471.9831510891471
647.9666666667424, 473.85676090808226
648.0000000000757, 475.79837092649586
648.033333333409, 477.6380076952813
648.0666666667423, 479.20569776533233
648.1000000000756, 480.3532163372958
648.1333333334089, 481.08394595746773
648.1666666667422, 481.4658053679942
648.2000000000755, 481.56695131623115
648.2333333334088, 481.45554054953465
648.2666666667421, 481.1997298152606
648.3000000000754, 480.8469762309889
648.3333333334087, 480.3429614635923
648.366666666742, 479.60213953915473
648.4000000000754, 478.53895621342207
648.4333333334087, 477.06785724214006
648.466666666742, 475.1032932694636
648.5000000000753, 472.6207096919156
648.5333333334086, 469.808749969711
648.5666666667419, 466.902611503911
648.6000000000752, 464.13749169557656
648.6333333334085, 461.7485879457689
648.6666666667418, 459.97098804560824
648.7000000000751, 458.99795548110546
648.7333333334084, 458.9180471784987
648.7666666667417, 459.8037003684586
648.800000000075, 461.7273522816557
648.8333333334083, 464.7614401487611
648.8666666667416, 468.97430146432794
648.9000000000749, 474.0388190392867
648.9333333334082, 478.9087639679861
648.9666666667415, 482.4617273506177
649.0000000000748, 483.575300287373
649.0333333334081, 481.1270738784434
649.0666666667414, 474.0501649352342
649.1000000000747, 463.57727267774413
649.133333333408, 454.01257876549244
649.1666666667413, 449.8742360421038
649.2000000000746, 455.68039735120317
649.2333333334079, 475.9492155364153
649.2666666667412, 514.90708160069
649.3000000000745, 570.2364240035748
649.3333333334078, 633.1669257743939
649.3666666667411, 694.6547526513219
649.4000000000744, 745.6560703725335
649.4333333334077, 777.1270446762029
649.466666666741, 780.7091524605694
649.5000000000744, 757.4590642305135
649.5333333334077, 715.2747607431423
649.566666666741, 662.2082439378165
649.6000000000743, 606.311515753897
649.6333333334076, 555.6365781307439
649.6666666667409, 517.5105820971976
649.7000000000742, 492.71436281630884
649.7333333334075, 478.5547379671142
649.7666666667408, 472.30658218377056
649.8000000000741, 471.2447701004351
649.8333333334074, 472.64417635126483
649.8666666667407, 474.0624443265373
649.900000000074, 474.8050079806642
649.9333333334073, 474.84434371814706
649.9666666667406, 474.15425333764324
650.0000000000739, 472.7085386378098
650.0333333334072, 470.481001417304
650.0666666667405, 467.4958326841501
650.1000000000738, 463.9945698408464
650.1333333334071, 460.27733867656536
650.1666666667404, 456.64426584372393
650.2000000000737, 453.39547799473877
650.233333333407, 450.8310374669895
650.2666666667403, 449.1489040708035
650.3000000000736, 448.23797693853817
650.3333333334069, 447.92890181657106
650.3666666667402, 448.05232445127984
650.4000000000735, 448.43889058904205
650.4333333334068, 448.9194474753937
650.4666666667401, 449.3612293649814
650.5000000000734, 449.70974626337704
650.5333333334067, 449.92066282060057
650.56666666674, 449.9496436866717
650.6000000000734, 449.7523535116106
650.6333333334067, 449.28529002109326
650.66666666674, 448.5550550942076
650.7000000000733, 447.6459809040887
650.7333333334066, 446.64909415497544
650.7666666667399, 445.6554215511067
650.8000000000732, 444.75598979672134
650.8333333334065, 444.04003742394804
650.8666666667398, 443.54508873382747
650.9000000000731, 443.2502838256248
650.9333333334064, 443.13163447512994
650.9666666667397, 443.1651524581331
651.000000000073, 443.32684955042396
651.0333333334063, 443.59209581898114
651.0666666667396, 443.92562380563186
651.1000000000729, 444.2834129886194
651.1333333334062, 444.62118252719574
651.1666666667395, 444.89465158061256
651.2000000000728, 445.0595393081214
651.2333333334061, 445.0790251012646
651.2666666667394, 444.9943112341388
651.3000000000727, 444.8930913208228
651.333333333406, 444.8636780219378
651.3666666667393, 444.99438399810504
651.4000000000726, 445.3735219099457
651.4333333334059, 446.08006430264845
651.4666666667392, 447.1279206707036
651.5000000000725, 448.5033218378846
651.5333333334058, 450.19239687176133
651.5666666667391, 452.1812748399034
651.6000000000724, 454.4560848098807
651.6333333334057, 456.9594405157279
651.666666666739, 459.4263433468939
651.7000000000724, 461.5299474164459
651.7333333334057, 462.9433963197698
651.766666666739, 463.33983365225066
651.8000000000723, 462.3924451555472
651.8333333334056, 459.9616067408902
651.8666666667389, 456.5247618061845
651.9000000000722, 452.68632316692805
651.9333333334055, 449.05070363861876
651.9666666667388, 446.2223160367545
652.0000000000721, 444.80428903537893
652.0333333334054, 445.0839858604534
652.0666666667387, 446.6215750842854
652.100000000072, 448.87521727530753
652.1333333334053, 451.3030730019527
652.1666666667386, 453.36330283265386
652.2000000000719, 454.51883503110724
652.2333333334052, 454.56478161996523
652.2666666667385, 453.8395715660359
652.3000000000718, 452.7318594276161
652.3333333334051, 451.6302997630032
652.3666666667384, 450.92354713049417
652.4000000000717, 450.99246079987364
652.433333333405, 451.97372825984684
652.4666666667383, 453.717237932995
652.5000000000716, 456.0564882392617
652.5333333334049, 458.8249775985905
652.5666666667382, 461.856204430925
652.6000000000715, 464.9849125993153
652.6333333334048, 468.0674152252655
652.6666666667381, 470.97827078506566
652.7000000000714, 473.5926125750476
652.7333333334047, 475.7855738915432
652.766666666738, 477.43228803088414
652.8000000000713, 478.425759342233
652.8333333334047, 478.8498552739094
652.866666666738, 478.90400888113516
652.9000000000713, 478.78926601814624
652.9333333334046, 478.70667253917827
652.9666666667379, 478.8572742984671
653.0000000000712, 479.4234475311068
653.0333333334045, 480.45695668417926
653.0666666667378, 481.9537894931012
653.1000000000711, 483.9097246788786
653.1333333334044, 486.3205409625167
653.1666666667377, 489.1820170650213
653.200000000071, 492.4516489581927
653.2333333334043, 495.9060646505429
653.2666666667376, 499.268529080311
653.3000000000709, 502.2622994658267
653.3333333334042, 504.61063302541925
653.3666666667375, 506.0368345963893
653.4000000000708, 506.41757582195095
653.4333333334041, 506.1234913043071
653.4666666667374, 505.62447152942667
653.5000000000707, 505.3904069832784
653.533333333404, 505.8911881518315
653.5666666667373, 507.595550732076
653.6000000000706, 510.7310246654623
653.6333333334039, 514.9887398819016
653.6666666667372, 519.9875201514195
653.7000000000705, 525.3461892440423
653.7333333334038, 530.6835709297959
653.7666666667371, 535.6213093644855
653.8000000000704, 539.954008286013
653.8333333334037, 543.7465295957062
653.866666666737, 547.0872387912246
653.9000000000703, 550.0645013702286
653.9333333334037, 552.7666828303784
653.966666666737, 555.2777664709934
654.0000000000703, 557.5591744449316
654.0333333334036, 559.4362939835295
654.0666666667369, 560.7274261715517
654.1000000000702, 561.2508720937635
654.1333333334035, 560.8249328349294
654.1666666667368, 559.3141840017759
654.2000000000701, 557.3028241048108
654.2333333334034, 555.9432784815447
654.2666666667367, 556.4034372060808
654.30000000007, 559.8511903525223
654.3333333334033, 567.4544279949725
654.3666666667366, 580.1781171768683
654.4000000000699, 597.0405542404891
654.4333333334032, 615.975686020514
654.4666666667365, 634.9057373852977
654.5000000000698, 651.7529332031943
654.5333333334031, 664.4394983425584
654.5666666667364, 671.2589740334179
654.6000000000697, 672.8285994165286
654.633333333403, 670.6626462547915
654.6666666667363, 666.2773024133876
654.7000000000696, 661.1887557574973
654.7333333334029, 656.9131941523017
654.7666666667362, 654.7072142791086
654.8000000000695, 654.7402117220769
654.8333333334028, 656.8970039146323
654.8666666667361, 661.0624073129949
654.9000000000694, 667.121238373386
654.9333333334027, 674.9582132804023
654.966666666736, 684.3717647256768
655.0000000000693, 694.9165492259888
655.0333333334027, 706.1044757432228
655.066666666736, 717.4474532392633
655.1000000000693, 728.4573906759942
655.1333333334026, 738.6493673167528
655.1666666667359, 747.9203069452459
655.2000000000692, 756.9077864209448
655.2333333334025, 766.3343470663516
655.2666666667358, 776.9225302039678
655.3000000000691, 789.3948771562954
655.3333333334024, 804.4608781431346
655.3666666667357, 822.2719612862917
655.400000000069, 842.2238363512914
655.4333333334023, 863.6584880308887
655.4666666667356, 885.9179010178387
655.5000000000689, 908.3440600048957
655.5333333334022, 930.3053971607336
655.5666666667355, 951.728743278886
655.6000000000688, 973.0729400599373
655.6333333334021, 994.8179952595153
655.6666666667354, 1017.4439166332477
655.7000000000687, 1041.4307119367618
655.733333333402, 1067.2946383235626
655.7666666667353, 1095.994198141379
655.8000000000686, 1128.7834341085195
655.8333333334019, 1166.9217948645805
655.8666666667352, 1211.66872904916
655.9000000000685, 1264.2836853018541
655.9333333334018, 1325.7435285197666
655.9666666667351, 1394.8609597574593
656.0000000000684, 1469.4482638176378
656.0333333334017, 1547.3123164524934
656.066666666735, 1626.259993414217
656.1000000000683, 1704.0981704550013
656.1333333334017, 1778.330264943244
656.166666666735, 1844.9385656136867
656.2000000000683, 1899.4297452980768
656.2333333334016, 1937.3103152147908
656.2666666667349, 1954.086786582205
656.3000000000682, 1945.2661273504566
656.3333333334015, 1908.6844084688778
656.3666666667348, 1849.926255418359
656.4000000000681, 1776.1856170514914
656.4333333334014, 1694.656442220865
656.4666666667347, 1612.5326797790715
656.500000000068, 1536.996526855346
656.5333333334013, 1472.703085673513
656.5666666667346, 1418.651527698593
656.6000000000679, 1373.0729972480524
656.6333333334012, 1334.1986386393578
656.6666666667345, 1300.259596189975
656.7000000000678, 1269.4942782235257
656.7333333334011, 1240.5665981143409
656.7666666667344, 1212.7941269198002
656.8000000000677, 1185.549983207602
656.833333333401, 1158.2072855454444
656.8666666667343, 1130.1391525010251
656.9000000000676, 1100.7420456085517
656.9333333334009, 1070.017825384658
656.9666666667342, 1038.6144517367106
657.0000000000675, 1007.2113784247314
657.0333333334008, 976.4880592087417
657.0666666667341, 947.1239478487632
657.1000000000674, 919.7692681314568
657.1333333334007, 894.6602678487395
657.166666666734, 871.7260702695038
657.2000000000673, 850.8885378935518
657.2333333334007, 832.0695332206861
657.266666666734, 815.190918750709
657.3000000000673, 800.153005298068
657.3333333334006, 786.6707312935472
657.3666666667339, 774.3645156453538
657.4000000000672, 762.8540233690868
657.4333333334005, 751.7589194803455
657.4666666667338, 740.6988689947285
657.5000000000671, 729.3595506324322
657.5333333334004, 717.7906732255105
657.5666666667337, 706.1667475750897
657.600000000067, 694.6623956866531
657.6333333334003, 683.4522395656841
657.6666666667336, 672.710899962665
657.7000000000669, 662.5787597502465
657.7333333334002, 653.072646518971
657.7666666667335, 644.1815262546243
657.8000000000668, 635.8943649429916
657.8333333334001, 628.2001285698586
657.8666666667334, 621.0876372532387
657.9000000000667, 614.5025441285702
657.9333333334, 608.2873439952027
657.9666666667333, 602.2694468286548
658.0000000000666, 596.2762626044458
658.0333333333999, 590.1352012980941
658.0666666667332, 583.6759421734833
658.1000000000665, 576.881259694707
658.1333333333998, 569.9815143046402
658.1666666667331, 563.2296137562755
658.2000000000664, 556.8784658026053
658.2333333333997, 551.1809781966224
658.266666666733, 546.3814501296032
658.3000000000663, 542.4832589181783
658.3333333333997, 539.2222844796095
658.366666666733, 536.3204648149908
658.4000000000663, 533.4997379254165
658.4333333333996, 530.4820418119807
658.4666666667329, 527.0085806789873
658.5000000000662, 523.1055349930966
658.5333333333995, 519.0167832644595
658.5666666667328, 514.9917079249352
658.6000000000661, 511.27969140638277
658.6333333333994, 508.13011614066147
658.6666666667327, 505.738311059398
658.700000000066, 503.82361187808795
658.7333333333993, 501.8579054972148
658.7666666667326, 499.3109622089694
658.8000000000659, 495.6525523055426
658.8333333333992, 490.35244607912523
658.8666666667325, 483.1425335685969
658.9000000000658, 475.21346181153416
658.9333333333991, 468.2603778677337
658.9666666667324, 463.9789135780458
659.0000000000657, 464.0647007833201
659.033333333399, 470.2133368857513
659.0666666667323, 483.2601874734954
659.1000000000656, 500.94609943722327
659.1333333333989, 520.3163306564916
659.1666666667322, 538.4161390108575
659.2000000000655, 552.2907823798776
659.2333333333988, 558.9905891417103
659.2666666667321, 556.9591574122453
659.3000000000654, 547.9217810931292
659.3333333333987, 534.0759225137728
659.366666666732, 517.6190440035873
659.4000000000653, 500.74860789198385
659.4333333333987, 485.6471030282994
659.466666666732, 473.5538398568237
659.5000000000653, 464.21986164402824
659.5333333333986, 457.26505978075437
659.5666666667319, 452.3093256578439
659.6000000000652, 448.97255066613803
659.6333333333985, 446.8763689097645
659.6666666667318, 445.68804367367113
659.7000000000651, 445.1237798274394
659.7333333333984, 444.90218845479984
659.7666666667317, 444.74188063948304
659.800000000065, 444.36146746521945
659.8333333333983, 443.49641042183214
659.8666666667316, 442.11517518234297
659.9000000000649, 440.35628884881595
659.9333333333982, 438.36214776646887
659.9666666667315, 436.27514828052
660.0000000000648, 434.23768673618724
660.0333333333981, 432.38341866478066
660.0666666667314, 430.7742907603579
660.1000000000647, 429.43710061960127
660.133333333398, 428.39840431154437
660.1666666667313, 427.68475790522115
660.2000000000646, 427.3227174696657
660.2333333333979, 427.3387777216954
660.2666666667312, 427.75911739644414
660.3000000000645, 428.60981379254787
660.3333333333978, 429.91694416149153
660.3666666667311, 431.70658575475983
660.4000000000644, 434.0048018274286
660.4333333333977, 436.77587540323856
660.466666666731, 439.78051856677735
660.5000000000643, 442.7375741404708
660.5333333333976, 445.36588494674515
660.566666666731, 447.3842938080261
660.6000000000643, 448.5122423932141
660.6333333333976, 448.5757400915587
660.6666666667309, 447.6292546622228
660.7000000000642, 445.7567727794058
660.7333333333975, 443.0422811173072
660.7666666667308, 439.5697663501263
660.8000000000641, 435.4248620460412
660.8333333333974, 430.7731343774733
660.8666666667307, 425.89425942044755
660.900000000064, 421.07666830067285
660.9333333333973, 416.60879214385767
660.9666666667306, 412.77906207571084
661.0000000000639, 409.86523810346176
661.0333333333972, 407.9159118805468
661.0666666667305, 406.7591955879946
661.1000000000638, 406.21426887854403
661.1333333333971, 406.1003114049342
661.1666666667304, 406.2365028199042
661.2000000000637, 406.4439196451929
661.233333333397, 406.5657468711756
661.2666666667303, 406.45946030355725
661.3000000000636, 405.98277515725056
661.3333333333969, 404.9934066471678
661.3666666667302, 403.3490699882216
661.4000000000635, 400.94780423503465
661.4333333333968, 397.9693234212119
661.4666666667301, 394.71346596239806
661.5000000000634, 391.4805173904585
661.5333333333967, 388.5707632372585
661.56666666673, 386.28448903466347
661.6000000000633, 384.8454635291104
661.6333333333966, 384.14251525696847
661.66666666673, 383.97285125282644
661.7000000000633, 384.13367627982507
661.7333333333966, 384.42219510110493
661.7666666667299, 384.6356898563629
661.8000000000632, 384.63021810771653
661.8333333333965, 384.4252359388046
661.8666666667298, 384.06836644740724
661.9000000000631, 383.60723273130463
661.9333333333964, 383.089457888277
661.9666666667297, 382.56247318332765
662.000000000063, 382.05557108175566
662.0333333333963, 381.56525987061246
662.0666666667296, 381.08460122233123
662.1000000000629, 380.6066568093446
662.1333333333962, 380.1244883040856
662.1666666667295, 379.6303013997026
662.2000000000628, 379.08829781599763
662.2333333333961, 378.42908738359387
662.2666666667294, 377.58129476117784
662.3000000000627, 376.4735446074363
662.333333333396, 375.0344615810556
662.3666666667293, 373.2042717954877
662.4000000000626, 371.1075543898808
662.4333333333959, 369.0165170289875
662.4666666667292, 367.2075101140488
662.5000000000625, 365.9568840463054
662.5333333333958, 365.54098922699836
662.5666666667291, 366.18625469267784
662.6000000000624, 367.67009271574716
662.6333333333957, 369.53241885324934
662.666666666729, 371.31098985019855
662.7000000000623, 372.54356245160886
662.7333333333956, 372.7678934024944
662.766666666729, 371.6311802905057
662.8000000000623, 369.3798670769841
662.8333333333956, 366.4644540466684
662.8666666667289, 363.33561271521
662.9000000000622, 360.4440145982605
662.9333333333955, 358.2403193445283
662.9666666667288, 357.07888280430143
663.0000000000621, 356.98469156859056
663.0333333333954, 357.9123768525506
663.0666666667287, 359.81656987133607
663.100000000062, 362.65190184010186
663.1333333333953, 366.3723773844579
663.1666666667286, 370.8136733815322
663.2000000000619, 375.55425463771223
663.2333333333952, 380.138812467904
663.2666666667285, 384.11203818701335
663.3000000000618, 387.0186231099462
663.3333333333951, 388.40962596155896
663.3666666667284, 388.1399709526853
663.4000000000617, 386.49539980919513
663.433333333395, 383.79438607291473
663.4666666667283, 380.35540328567004
663.5000000000616, 376.49692498928715
663.5333333333949, 372.534673963874
663.5666666667282, 368.72795236169634
663.6000000000615, 365.2832021558129
663.6333333333948, 362.4048275959189
663.6666666667281, 360.2972329317101
663.7000000000614, 359.1648224128817
663.7333333333947, 359.17720243748005
663.766666666728, 360.1234618635913
663.8000000000613, 361.5581332323264
663.8333333333946, 363.0323031390122
663.866666666728, 364.09705817897515
663.9000000000613, 364.3034849475421
663.9333333333946, 363.29106595617856
663.9666666667279, 361.2694199221945
664.0000000000612, 358.6744387346374
664.0333333333945, 355.94258552726757
664.0666666667278, 353.51032343384566
664.1000000000611, 351.81411558546404
664.1333333333944, 351.17510102398643
664.1666666667277, 351.45706005030735
664.200000000061, 352.41040929566725
664.2333333333943, 353.78556539130676
664.2666666667276, 355.3329449684661
664.3000000000609, 356.8031267818702
664.3333333333942, 358.00463444490185
664.3666666667275, 358.8893942841697
664.4000000000608, 359.43113169230463
664.4333333333941, 359.60357206193714
664.4666666667274, 359.380440785698
664.5000000000607, 358.73619092916607
664.533333333394, 357.6918954296679
664.5666666667273, 356.3426431468123
664.6000000000606, 354.790099547092
664.6333333333939, 353.13593009699986
664.6666666667272, 351.48180026302873
664.7000000000605, 349.92698911509217
664.7333333333938, 348.51210100382747
664.7666666667271, 347.2168808584315
664.8000000000604, 346.01825008802166
664.8333333333937, 344.8931301017154
664.866666666727, 343.8184423086302
664.9000000000603, 342.7745722962951
664.9333333333936, 341.7850003658569
664.966666666727, 340.902412152501
665.0000000000603, 340.1800471114923
665.0333333333936, 339.67114469809604
665.0666666667269, 339.42894436757734
665.1000000000602, 339.4913322167794
665.1333333333935, 339.78664524779043
665.1666666667268, 340.19561393947686
665.2000000000601, 340.59877442640794
665.2333333333934, 340.8766628431522
665.2666666667267, 340.9098153242784
665.30000000006, 340.61730701647554
665.3333333333933, 340.08469200406404
665.3666666667266, 339.44246716928006
665.4000000000599, 338.8211300953278
665.4333333333932, 338.35117836541156
665.4666666667265, 338.16299941789856
665.5000000000598, 338.326054840364
665.5333333333931, 338.74784496026996
665.5666666667264, 339.30925545543823
665.6000000000597, 339.89117200369043
665.633333333393, 340.3744802828484
665.6666666667263, 340.64131684569037
665.7000000000596, 340.66837336129566
665.7333333333929, 340.59137428838454
665.7666666667262, 340.56129361718376
665.8000000000595, 340.72910533791986
665.8333333333928, 341.2457834408194
665.8666666667261, 342.2594480497439
665.9000000000594, 343.84156555174457
665.9333333333927, 345.9802787010733
665.966666666726, 348.65953949473334
666.0000000000593, 351.8632999297279
666.0333333333926, 355.5755120030603
666.066666666726, 359.7679498095143
666.1000000000593, 364.2524679541412
666.1333333333926, 368.72830689719615
666.1666666667259, 372.8923565577199
666.2000000000592, 376.4415068547533
666.2333333333925, 379.0726477073372
666.2666666667258, 380.52389372763105
666.3000000000591, 380.83798387377345
666.3333333333924, 380.1941703307876
666.3666666667257, 378.772348778955
666.400000000059, 376.7524148985578
666.4333333333923, 374.3142643698772
666.4666666667256, 371.63551687687453
666.5000000000589, 368.88373839654076
666.5333333333922, 366.22371979195697
666.5666666667255, 363.82025183527674
666.6000000000588, 361.83812529865367
666.6333333333921, 360.4419500731342
666.6666666667254, 359.688339814689
666.7000000000587, 359.343556857593
666.733333333392, 359.1255683392493
666.7666666667253, 358.75234139706123
666.8000000000586, 357.9418431684319
666.8333333333919, 356.41501271784233
666.8666666667252, 354.11817303652964
666.9000000000585, 351.3771370885516
666.9333333333918, 348.5541587438145
666.9666666667251, 346.01149187222495
667.0000000000584, 344.11139034368904
667.0333333333917, 343.20360328019694
667.066666666725, 343.3071846748223
667.1000000000583, 344.08462279971843
667.1333333333916, 345.1807178568853
667.166666666725, 346.24027004832277
667.2000000000583, 346.90807957603073
667.2333333333916, 346.8603147888115
667.2666666667249, 346.17492923886056
667.3000000000582, 345.2078875392159
667.3333333333915, 344.3207104159328
667.3666666667248, 343.8749185950666
667.4000000000581, 344.23203280267245
667.4333333333914, 345.8239090049069
667.4666666667247, 349.585547511454
667.500000000058, 356.67109503044236
667.5333333333913, 368.2356026886358
667.5666666667246, 385.4341216127982
667.6000000000579, 409.42170292969354
667.6333333333912, 440.43264012342286
667.6666666667245, 474.7974072024232
667.7000000000578, 507.8120568967009
667.7333333333911, 534.7726348039705
667.7666666667244, 550.9751865219475
667.8000000000577, 551.7216408101016
667.833333333391, 534.869549071558
667.8666666667243, 504.81650847061223
667.9000000000576, 466.9914415576591
667.9333333333909, 426.8232708830937
667.9666666667242, 389.7409189973112
668.0000000000575, 361.12927824648784
668.0333333333908, 343.52735676167464
668.0666666667241, 334.94151883789397
668.1000000000574, 332.97366639414764
668.1333333333907, 335.2257013494369
668.166666666724, 339.2995256227637
668.2000000000573, 342.85200974896617
668.2333333333906, 344.83239700315386
668.266666666724, 345.4981069118829
668.3000000000573, 345.1646884661494
668.3333333333906, 344.1476906569496
668.3666666667239, 342.762662475279
668.4000000000572, 341.3120843498872
668.4333333333905, 339.94729992618824
668.4666666667238, 338.7225168253677
668.5000000000571, 337.69034034738866
668.5333333333904, 336.90337579221443
668.5666666667237, 336.4142284598081
668.600000000057, 336.2580538631043
668.6333333333903, 336.3569144765975
668.6666666667236, 336.58779052812235
668.7000000000569, 336.82754547799175
668.7333333333902, 336.9530427865186
668.7666666667235, 336.84114605824084
668.8000000000568, 336.41032081225416
668.8333333333901, 335.73794473668903
668.8666666667234, 334.9393333632477
668.9000000000567, 334.12980222363245
668.93333333339, 333.4246668495451
668.9666666667233, 332.9389650782539
669.0000000000566, 332.7205149233054
669.0333333333899, 332.66283473475403
669.0666666667232, 332.63787819970486
669.1000000000565, 332.5175990052631
669.1333333333898, 332.17395083853404
669.1666666667231, 331.4821511826477
669.2000000000564, 330.4750775578473
669.2333333333897, 329.4102463059796
669.266666666723, 328.5623619456347
669.3000000000563, 328.2061289954023
669.3333333333896, 328.61625197387247
669.366666666723, 330.04852139390255
669.4000000000563, 332.3967622524845
669.4333333333896, 335.2292956571013
669.4666666667229, 338.10284681454397
669.5000000000562, 340.57414093160315
669.5333333333895, 342.19990321506987
669.5666666667228, 342.5896823800912
669.6000000000561, 341.8672073663972
669.6333333333894, 340.44594066421433
669.6666666667227, 338.74259473798446
669.700000000056, 337.17388205214934
669.7333333333893, 336.15651507115103
669.7666666667226, 336.022767424304
669.8000000000559, 336.6395098886672
669.8333333333892, 337.7141330939625
669.8666666667225, 338.95388615742036
669.9000000000558, 340.0660181962707
669.9333333333891, 340.75780562312076
669.9666666667224, 340.82905604150454
670.0000000000557, 340.37876242638555
670.033333333389, 339.5662752405138
670.0666666667223, 338.55094494663916
670.1000000000556, 337.4921220075116
670.1333333333889, 336.54878746314637
670.1666666667222, 335.83492389736324
670.2000000000555, 335.37695929297735
670.2333333333888, 335.19123967526247
670.2666666667221, 335.29411106949226
670.3000000000554, 335.70191950094033
670.3333333333887, 336.4285876434435
670.366666666722, 337.4077098684156
670.4000000000553, 338.47591803371995
670.4333333333886, 339.46405682063454
670.466666666722, 340.2029709104373
670.5000000000553, 340.5235049844063
670.5333333333886, 340.2693855161476
670.5666666667219, 339.4717084327527
670.6000000000552, 338.30310387161643
670.6333333333885, 336.93968995137266
670.6666666667218, 335.55758479065577
670.7000000000551, 334.3329065080998
670.7333333333884, 333.4216853756696
670.7666666667217, 332.8251307300076
670.800000000055, 332.4724917954615
670.8333333333883, 332.29261952765364
670.8666666667216, 332.21436488220627
670.9000000000549, 332.16657881474174
670.9333333333882, 332.1030001321739
670.9666666667215, 332.08715507727743
671.0000000000548, 332.2128335192283
671.0333333333881, 332.5738262799604
671.0666666667214, 333.2639241814075
671.1000000000547, 334.37674437159586
671.133333333388, 335.9260928664227
671.1666666667213, 337.71964709508666
671.2000000000546, 339.53225268118393
671.2333333333879, 341.1387552483106
671.2666666667212, 342.31400042006277
671.3000000000545, 342.83568940492717
671.3333333333878, 342.65709079459634
671.3666666667211, 342.0060644979162
671.4000000000544, 341.1343812804948
671.4333333333877, 340.29381190793964
671.466666666721, 339.7361271458592
671.5000000000543, 339.7022795957897
671.5333333333876, 340.19802399014503
671.566666666721, 341.0012438338502
671.6000000000543, 341.8804702561428
671.6333333333876, 342.6042343862601
671.6666666667209, 342.9410673534394
671.7000000000542, 342.68276564862333
671.7333333333875, 341.86565361873403
671.7666666667208, 340.6723157250559
671.8000000000541, 339.2873058783534
671.8333333333874, 337.8951779893908
671.8666666667207, 336.68048596893226
671.900000000054, 335.7948657771248
671.9333333333873, 335.19962900881893
671.9666666667206, 334.7878408409259
672.0000000000539, 334.45247871525936
672.0333333333872, 334.0865200736326
672.0666666667205, 333.58295319253983
672.1000000000538, 332.88875252665025
672.1333333333871, 332.1302257968571
672.1666666667204, 331.470870032478
672.2000000000537, 331.07418226283113
672.233333333387, 331.10365951723406
672.2666666667203, 331.72189816859594
672.3000000000536, 332.9788597092359
672.3333333333869, 334.70375775350465
672.3666666667202, 336.7001628460437
672.4000000000535, 338.7716455314946
672.4333333333868, 340.7217763544988
672.4666666667201, 342.35681230787156
672.5000000000534, 343.57020150637425
672.5333333333867, 344.35958201049783
672.56666666672, 344.7287119395594
672.6000000000533, 344.68134941287593
672.6333333333866, 344.2212525497648
672.66666666672, 343.3550794051802
672.7000000000533, 342.13000556121625
672.7333333333866, 340.6229895190199
672.7666666667199, 338.91167882933667
672.8000000000532, 337.0737210429118
672.8333333333865, 335.1867637104908
672.8666666667198, 333.3307972296671
672.9000000000531, 331.6029163072306
672.9333333333864, 330.10780013782187
672.9666666667197, 328.95016197529816
673.000000000053, 328.23471507351695
673.0333333333863, 328.06617268633556
673.0666666667196, 328.5039728819173
673.1000000000529, 329.421333282163
673.1333333333862, 330.64360049491114
673.1666666667195, 331.996121090644
673.2000000000528, 333.3042416398436
673.2333333333861, 334.3935177387381
673.2666666667194, 335.1490936301665
673.3000000000527, 335.59748785877173
673.333333333386, 335.78572546219857
673.3666666667193, 335.76083147809135
673.4000000000526, 335.5698309440946
673.4333333333859, 335.2603731150488
673.4666666667192, 334.91001264888877
673.5000000000525, 334.63877139791407
673.5333333333858, 334.56990505178516
673.5666666667191, 334.8266693001622
673.6000000000524, 335.5323198327057
673.6333333333857, 336.80040502303433
673.666666666719, 338.5697348998698
673.7000000000523, 340.62772319308556
673.7333333333856, 342.7567748352755
673.766666666719, 344.7392947590338
673.8000000000523, 346.3576878969542
673.8333333333856, 347.4186526881979
673.8666666667189, 347.9444943289956
673.9000000000522, 348.07032237119284
673.9333333333855, 347.93223338997996
673.9666666667188, 347.6663239605472
674.0000000000521, 347.40869065808494
674.0333333333854, 347.2805619247287
674.0666666667187, 347.3306383061958
674.100000000052, 347.58553830094917
674.1333333333853, 348.0718751647144
674.1666666667186, 348.816262153217
674.2000000000519, 349.8452749893936
674.2333333333852, 351.15795368505184
674.2666666667185, 352.67714216314175
674.3000000000518, 354.31261411377335
674.3333333333851, 355.9741432270568
674.3666666667184, 357.5715031931021
674.4000000000517, 359.01595493761295
674.433333333385, 360.32063828819514
674.4666666667183, 361.6643401005222
674.5000000000516, 363.24104043572174
674.5333333333849, 365.24471935492124
674.5666666667182, 367.8693569192484
674.6000000000515, 371.30002391883215
674.6333333333848, 375.5235458482913
674.6666666667181, 380.33213804625103
674.7000000000514, 385.50983368630176
674.7333333333847, 390.8406659420338
674.766666666718, 396.1086679870375
674.8000000000513, 401.15271827518336
674.8333333333846, 406.3792759920362
674.866666666718, 412.5302711250432
674.9000000000513, 420.3519939956866
674.9333333333846, 430.59073492544877
674.9666666667179, 443.99278423581177
675.0000000000512, 461.2071423807637
675.0333333333845, 482.3437436590608
675.0666666667178, 507.3268694432958
675.1000000000511, 536.080629001881
675.1333333333844, 568.5291316032285
675.1666666667177, 604.5961381221387
675.200000000051, 643.4939026709031
675.2333333333843, 682.2286382917422
675.2666666667176, 717.3802884004867
675.3000000000509, 745.5287964129681
675.3333333333842, 763.2541057450169
675.3666666667175, 767.1627908269219
675.4000000000508, 756.3099602268295
675.4333333333841, 734.1381294044083
675.4666666667174, 704.5460724499516
675.5000000000507, 671.4325634537522
675.533333333384, 638.6963765061039
675.5666666667173, 610.1474647537991
675.6000000000506, 587.2808695781843
675.6333333333839, 569.1146791026587
675.6666666667172, 554.5457056963357
675.7000000000505, 542.4707617283292
675.7333333333838, 531.7866595677526
675.7666666667171, 521.4528972634952
675.8000000000504, 511.1509245933178
675.8333333333837, 501.0247723379072
675.866666666717, 491.22603871111505
675.9000000000503, 481.90632192679277
675.9333333333836, 473.2172201987923
675.966666666717, 465.2867394150665
676.0000000000502, 458.1007974716715
676.0333333333836, 451.59237555757517
676.0666666667169, 445.69436519369737
676.1000000000502, 440.3396579009579
676.1333333333835, 435.4611459817936
676.1666666667168, 430.9957620064208
676.2000000000501, 426.893891750659
676.2333333333834, 423.10871764467186
676.2666666667167, 419.59342211862327
676.30000000005, 416.3011876026771
676.3333333333833, 413.185195960226
676.3666666667166, 410.19856581058554
676.4000000000499, 407.2942957135155
676.4333333333832, 404.42537081356295
676.4666666667165, 401.544776255275
676.5000000000498, 398.6054971831987
676.5333333333831, 395.5644144122034
676.5666666667164, 392.4897200187085
676.6000000000497, 389.5745088341064
676.633333333383, 387.01850097344027
676.6666666667163, 385.0214165517535
676.7000000000496, 383.78297568408925
676.7333333333829, 383.47715246464674
676.7666666667162, 383.96443696175186
676.8000000000495, 384.89612478885186
676.8333333333828, 385.9196991691689
676.8666666667161, 386.68264332592486
676.9000000000494, 386.8324404823417
676.9333333333827, 386.06862255538095
676.966666666716, 384.41636381645134
677.0000000000493, 382.02652055110116
677.0333333333826, 379.05021713599933
677.066666666716, 375.6385779478147
677.1000000000492, 371.94272979153766
677.1333333333826, 368.13383135817753
677.1666666667159, 364.45161364564433
677.2000000000492, 361.15046837133684
677.2333333333825, 358.4847872526539
677.2666666667158, 356.7089620069944
677.3000000000491, 356.0753851524182
677.3333333333824, 356.5992270490162
677.3666666667157, 357.83743378255775
677.400000000049, 359.29465113941546
677.4333333333823, 360.4755249059618
677.4666666667156, 360.88470086856915
677.5000000000489, 360.04135913338337
677.5333333333822, 357.8872728707386
677.5666666667155, 354.84260325448037
677.6000000000488, 351.35325859134974
677.6333333333821, 347.8651471880881
677.6666666667154, 344.8241773514368
677.7000000000487, 342.64554417066023
677.733333333382, 341.36992571717093
677.7666666667153, 340.78781046963866
677.8000000000486, 340.6851147864683
677.8333333333819, 340.84775502606504
677.8666666667152, 341.0616475468337
677.9000000000485, 341.1351452545652
677.9333333333818, 341.01585742074917
677.9666666667151, 340.70474447886266
678.0000000000484, 340.2028754977845
678.0333333333817, 339.51131954639374
678.066666666715, 338.6311478810526
678.1000000000483, 337.5769635695764
678.1333333333816, 336.40893431143485
678.166666666715, 335.19680807219976
678.2000000000482, 334.01033281744293
678.2333333333816, 332.91925651273624
678.2666666667149, 331.99299871027023
678.3000000000482, 331.26508270146013
678.3333333333815, 330.7012922197962
678.3666666667148, 330.2598970622405
678.4000000000481, 329.8991670257548
678.4333333333814, 329.57737190730126
678.4666666667147, 329.2538219512341
678.500000000048, 328.91634930972793
678.5333333333813, 328.5841193133792
678.5666666667146, 328.277901552316
678.6000000000479, 328.0184656166661
678.6333333333812, 327.8265810965577
678.6666666667145, 327.7171655149865
678.7000000000478, 327.6374488603454
678.7333333333811, 327.4911539438272
678.7666666667144, 327.18128570954656
678.8000000000477, 326.61084910161793
678.833333333381, 325.6828490641559
678.8666666667143, 324.3327266485853
678.9000000000476, 322.6866649234543
678.9333333333809, 320.94034136458373
678.9666666667142, 319.2895340241272
679.0000000000475, 317.93002095423805
679.0333333333808, 317.0575492314509
679.0666666667141, 316.7862429792151
679.1000000000474, 316.97150099775274
679.1333333333807, 317.4175789938107
679.166666666714, 317.9287326741359
679.2000000000473, 318.30921774547534
679.2333333333806, 318.36466853418705
679.266666666714, 318.02274042618404
679.3000000000472, 317.42714486835587
679.3333333333806, 316.74372575713994
679.3666666667139, 316.1383269889734
679.4000000000472, 315.7767924602937
679.4333333333805, 315.8180512903476
679.4666666667138, 316.2545377153012
679.5000000000471, 316.9079409824778
679.5333333333804, 317.5921853715495
679.5666666667137, 318.1211951621884
679.600000000047, 318.3088946340667
679.6333333333803, 317.9873260673277
679.6666666667136, 317.1772886402249
679.7000000000469, 316.0117226583088
679.7333333333802, 314.625048539592
679.7666666667135, 313.151686702087
679.8000000000468, 311.7260575638065
679.8333333333801, 310.47210020849434
679.8666666667134, 309.45792886842304
679.9000000000467, 308.73314608326893
679.93333333338, 308.3473422901826
679.9666666667133, 308.3501079263147
680.0000000000466, 308.79097910904
680.0333333333799, 309.668174963758
680.0666666667132, 310.8332392707608
680.1000000000465, 312.1116790223927
680.1333333333798, 313.32900121099783
680.1666666667131, 314.3107128289205
680.2000000000464, 314.8841150939148
680.2333333333797, 314.993369793645
680.266666666713, 314.769274884753
680.3000000000463, 314.3593438186809
680.3333333333796, 313.9110900468713
680.366666666713, 313.5720270207665
680.4000000000462, 313.4821356033815
680.4333333333796, 313.63137416103774
680.4666666667129, 313.87154935526866
680.5000000000462, 314.0493144760294
680.5333333333795, 314.01132281327483
680.5666666667128, 313.60422765696006
680.6000000000461, 312.7036568605265
680.6333333333794, 311.4445922557724
680.6666666667127, 310.09865592369846
680.700000000046, 308.938695083453
680.7333333333793, 308.23755695418475
680.7666666667126, 308.2680887550422
680.8000000000459, 309.21885024433357
680.8333333333792, 310.88926854426325
680.8666666667125, 312.96654861114826
680.9000000000458, 315.13788478458457
680.9333333333791, 317.090471404168
680.9666666667124, 318.5118125274974
681.0000000000457, 319.19978921568025
681.033333333379, 319.22530394849184
681.0666666667123, 318.7007383674098
681.1000000000456, 317.7384741139119
681.1333333333789, 316.45089282947566
681.1666666667122, 314.9503295007547
681.2000000000455, 313.3470102006633
681.2333333333788, 311.7482372667087
681.2666666667121, 310.26109794549217
681.3000000000454, 308.992679483615
681.3333333333787, 308.0500691276784
681.366666666712, 307.53355993213125
681.4000000000453, 307.43668478530725
681.4333333333786, 307.6681039053476
681.466666666712, 308.1341331784704
681.5000000000452, 308.74108849089345
681.5333333333786, 309.3952857288347
681.5666666667119, 310.0130729604767
681.6000000000452, 310.58475738634684
681.6333333333785, 311.1337226706595
681.6666666667118, 311.6835069568335
681.7000000000451, 312.25764838828803
681.7333333333784, 312.87968508049687
681.7666666667117, 313.56338501926695
681.800000000045, 314.28508752870187
681.8333333333783, 315.0121704189169
681.8666666667116, 315.7120115000272
681.9000000000449, 316.351988582148
681.9333333333782, 316.8995255313728
681.9666666667115, 317.3290103261992
682.0000000000448, 317.629177901012
682.0333333333781, 317.7905323319164
682.0666666667114, 317.8035776950175
682.1000000000447, 317.65881806642045
682.133333333378, 317.3476723671937
682.1666666667113, 316.8894538398579
682.2000000000446, 316.3358098019849
682.2333333333779, 315.7401964434756
682.2666666667112, 315.15606995423093
682.3000000000445, 314.6368865241518
682.3333333333778, 314.23455183382663
682.3666666667111, 313.9824257443345
682.4000000000444, 313.90165086948576
682.4333333333777, 314.0131545656276
682.466666666711, 314.33786418910717
682.5000000000443, 314.89670709627177
682.5333333333776, 315.712910215678
682.566666666711, 316.8231349286212
682.6000000000442, 318.2689072705836
682.6333333333775, 320.0917600069502
682.6666666667109, 322.33322590310587
682.7000000000442, 325.034788620113
682.7333333333775, 328.1547019518172
682.7666666667108, 331.3976523685483
682.8000000000441, 334.4202111679444
682.8333333333774, 336.8789496476435
682.8666666667107, 338.43043910528354
682.900000000044, 338.7346738414134
682.9333333333773, 337.69880129488354
682.9666666667106, 335.639227392038
683.0000000000439, 332.910810175644
683.0333333333772, 329.8684076884685
683.0666666667105, 326.8668779732788
683.1000000000438, 324.2498065089634
683.1333333333771, 322.13111797175446
683.1666666667104, 320.4104120706979
683.2000000000437, 318.97908771108774
683.233333333377, 317.72854379821825
683.2666666667103, 316.5501792373836
683.3000000000436, 315.349274354537
683.3333333333769, 314.1540102520512
683.3666666667102, 313.0567419297402
683.4000000000435, 312.15038198849203
683.4333333333768, 311.52784302919486
683.4666666667101, 311.2820376527366
683.5000000000434, 311.4854916297514
683.5333333333767, 312.11984751756097
683.56666666671, 313.1414319372924
683.6000000000433, 314.50657043879926
683.6333333333766, 316.17158857193505
683.66666666671, 318.092838704052
683.7000000000432, 320.23376068734916
683.7333333333765, 322.57435882637225
683.7666666667099, 325.09699997179416
683.8000000000432, 327.7840509742877
683.8333333333765, 330.61787868452615
683.8666666667098, 333.58003479160755
683.9000000000431, 336.62106386300877
683.9333333333764, 339.6516214450753
683.9666666667097, 342.5797361377866
684.000000000043, 345.31343654112203
684.0333333333763, 347.7607512550609
684.0666666667096, 349.8324755978033
684.1000000000429, 351.47703729107155
684.1333333333762, 352.670020748102
684.1666666667095, 353.38761180381067
684.2000000000428, 353.60599629311366
684.2333333333761, 353.30136005092714
684.2666666667094, 352.4531558267344
684.3000000000427, 351.06171575212727
684.333333333376, 349.135589568327
684.3666666667093, 346.6833467657382
684.4000000000426, 343.7135568347658
684.4333333333759, 340.2348024031334
684.4666666667092, 336.3067129936846
684.5000000000425, 332.1556305382689
684.5333333333758, 328.0418752422218
684.5666666667091, 324.2257673108786
684.6000000000424, 320.9676269495747
684.6333333333757, 318.52607330409586
684.666666666709, 317.01740767837543
684.7000000000423, 316.31042245477397
684.7333333333756, 316.24912927218924
684.7666666667089, 316.6775397695189
684.8000000000422, 317.4396655856605
684.8333333333755, 318.3811087136792
684.8666666667089, 319.3817989228147
684.9000000000422, 320.354788229467
684.9333333333755, 321.2144778017997
684.9666666667088, 321.8752688079767
685.0000000000421, 322.25156241616133
685.0333333333754, 322.2843030615173
685.0666666667087, 322.15535042592376
685.100000000042, 322.17493101801784
685.1333333333753, 322.65446819176856
685.1666666667086, 323.9053853011451
685.2000000000419, 326.23910570011657
685.2333333333752, 329.8724526749799
685.2666666667085, 334.5979913614696
685.3000000000418, 340.0894017288245
685.3333333333751, 346.0203578686983
685.3666666667084, 352.0645338727444
685.4000000000417, 357.8957632759056
685.433333333375, 363.22807468867495
685.4666666667083, 367.86854093889235
685.5000000000416, 371.6373627191269
685.5333333333749, 374.35474072194773
685.5666666667082, 375.840875639924
685.6000000000415, 375.9215517746551
685.6333333333748, 374.62440275784365
685.6666666667081, 372.2307949647678
685.7000000000414, 369.0382255851154
685.7333333333747, 365.3441918085742
685.766666666708, 361.4461908248319
685.8000000000413, 357.6361908766473
685.8333333333746, 354.13489749553435
685.8666666667079, 351.11348832350006
685.9000000000412, 348.7421402163911
685.9333333333745, 347.1910300300539
685.9666666667079, 346.6303346203353
686.0000000000412, 347.17975646424344
686.0333333333745, 348.6554754877597
686.0666666667078, 350.760752072958
686.1000000000411, 353.19865719563404
686.1333333333744, 355.67226183158374
686.1666666667077, 357.88468255682903
686.200000000041, 359.61308469787787
686.2333333333743, 360.8592817388472
686.2666666667076, 361.66752908854687
686.3000000000409, 362.0820821557868
686.3333333333742, 362.1471963493768
686.3666666667075, 361.9088918313201
686.4000000000408, 361.52920121787344
686.4333333333741, 361.35605477156207
686.4666666667074, 361.7541060932901
686.5000000000407, 363.0880087839617
686.533333333374, 365.7224164444808
686.5666666667073, 369.99543547430216
686.6000000000406, 375.75615072979224
686.6333333333739, 382.42391981489607
686.6666666667072, 389.403474133357
686.7000000000405, 396.09954508891826
686.7333333333738, 401.9168640853232
686.7666666667071, 406.47258087366174
686.8000000000404, 411.0656388430415
686.8333333333737, 417.7948893070223
686.866666666707, 428.76405758845556
686.9000000000403, 446.07686901019304
686.9333333333736, 471.8370482194366
686.9666666667069, 507.02976713976943
687.0000000000402, 548.2789575535181
687.0333333333735, 591.1457743390199
687.0666666667069, 631.1913723746115
687.1000000000402, 663.9769065386299
687.1333333333735, 685.0798866084014
687.1666666667068, 692.2925347090611
687.2000000000401, 687.8414032279094
687.2333333333734, 674.4815912246216
687.2666666667067, 654.9681977588733
687.30000000004, 632.0563218903399
687.3333333333733, 608.4583568193096
687.3666666667066, 585.7505904288317
687.4000000000399, 564.2805156210716
687.4333333333732, 544.334345753896
687.4666666667065, 526.1982941851712
687.5000000000398, 510.1585742727637
687.5333333333731, 496.4652334604181
687.5666666667064, 484.9969808192125
687.6000000000397, 475.4143735194671
687.633333333373, 467.37518451879276
687.6666666667063, 460.53718677480117
687.7000000000396, 454.55815324510314
687.7333333333729, 449.1450230090135
687.7666666667062, 444.24474816640213
687.8000000000395, 439.87740869092823
687.8333333333728, 436.06310209971406
687.8666666667061, 432.8219259098816
687.9000000000394, 430.1737750375233
687.9333333333727, 428.06977601695644
687.966666666706, 426.2924428496714
688.0000000000393, 424.59892020074
688.0333333333726, 422.7463527352339
688.0666666667059, 420.4918851182251
688.1000000000392, 417.5984633243252
688.1333333333725, 414.0545533434489
688.1666666667059, 410.1415762328
688.2000000000392, 406.160531386892
688.2333333333725, 402.4124182002384
688.2666666667058, 399.19823606735264
688.3000000000391, 396.8004211533182
688.3333333333724, 395.257894656128
688.3666666667057, 394.43822267225573
688.400000000039, 394.2054011475636
688.4333333333723, 394.42342602791393
688.4666666667056, 394.9562932591689
688.5000000000389, 395.68031153585497
688.5333333333722, 396.54511451285833
688.5666666667055, 397.52736839995816
688.6000000000388, 398.6037819788144
688.6333333333721, 399.7510640310866
688.6666666667054, 400.94589117869754
688.7000000000387, 402.12647325256364
688.733333333372, 403.118009227813
688.7666666667053, 403.72504992555736
688.8000000000386, 403.75214616690863
688.8333333333719, 403.0038487729787
688.8666666667052, 401.2878325470517
688.9000000000385, 398.59089228754425
688.9333333333718, 395.1727781979489
688.9666666667051, 391.3161818576279
689.0000000000384, 387.3037948459431
689.0333333333717, 383.4183087422567
689.066666666705, 379.92936980574126
689.1000000000383, 376.8917143986352
689.1333333333716, 374.18394072353703
689.1666666667049, 371.67945235162534
689.2000000000382, 369.25165285407843
689.2333333333715, 366.7739458020748
689.2666666667049, 364.13755525342566
689.3000000000382, 361.35997875110365
689.3333333333715, 358.513252526544
689.3666666667048, 355.66962893111923
689.4000000000381, 352.90136031620165
689.4333333333714, 350.2806986763847
689.4666666667047, 347.8767417561524
689.500000000038, 345.7477496253391
689.5333333333713, 343.94965653402966
689.5666666667046, 342.5383967323085
689.6000000000379, 341.56990447026044
689.6333333333712, 341.09908936051926
689.6666666667045, 341.09408390474283
689.7000000000378, 341.37151053374623
689.7333333333711, 341.73274606549415
689.7666666667044, 341.97916731795107
689.8000000000377, 341.9121511090813
689.833333333371, 341.3441143361436
689.8666666667043, 340.3109851850408
689.9000000000376, 339.0565099967177
689.9333333333709, 337.8323313494862
689.9666666667042, 336.8900918216583
690.0000000000375, 336.48143399154566
690.0333333333708, 336.8203545596415
690.0666666667041, 337.8114897997575
690.1000000000374, 339.20762510289865
690.1333333333707, 340.76049668451833
690.166666666704, 342.2218407600701
690.2000000000373, 343.34339356628647
690.2333333333706, 343.93049995844683
690.2666666667039, 343.9982293236377
690.3000000000372, 343.61293044664546
690.3333333333705, 342.8409521122565
690.3666666667038, 341.74864310525714
690.4000000000372, 340.40246383810995
690.4333333333705, 338.8826449973413
690.4666666667038, 337.29630400303466
690.5000000000371, 335.75366741441974
690.5333333333704, 334.3649617907266
690.5666666667037, 333.24041369118515
690.600000000037, 332.48532501286076
690.6333333333703, 332.08584347198394
690.6666666667036, 331.9055973032891
690.7000000000369, 331.8026168555387
690.7333333333702, 331.6349324774952
690.7666666667035, 331.2605745179213
690.8000000000368, 330.55535248940004
690.8333333333701, 329.55992787877636
690.8666666667034, 328.40432715148654
690.9000000000367, 327.2194601648649
690.93333333337, 326.136236776246
690.9666666667033, 325.285566842964
691.0000000000366, 324.7739852139457
691.0333333333699, 324.60250687161647
691.0666666667032, 324.7435996592413
691.1000000000365, 325.16973093760447
691.1333333333698, 325.85336806749
691.1666666667031, 326.7668047537166
691.2000000000364, 327.85230537221696
691.2333333333697, 328.98819527827897
691.266666666703, 330.0446037169192
691.3000000000363, 330.89165993315413
691.3333333333696, 331.3994931720003
691.3666666667029, 331.4448392872946
691.4000000000362, 331.0888472889441
691.4333333333695, 330.59714846508115
691.4666666667028, 330.24600796922374
691.5000000000362, 330.31169095488985
691.5333333333695, 331.0704625755976
691.5666666667028, 332.7587888650226
691.6000000000361, 335.2089544933595
691.6333333333694, 338.0178083574378
691.6666666667027, 340.77927100104625
691.700000000036, 343.0872629679739
691.7333333333693, 344.53570480200983
691.7666666667026, 344.821246397754
691.8000000000359, 344.1186416162995
691.8333333333692, 342.7416256763375
691.8666666667025, 341.00394916001187
691.9000000000358, 339.2193626494662
691.9333333333691, 337.7012469531038
691.9666666667024, 336.6794611547969
692.0000000000357, 336.1949318940669
692.033333333369, 336.26261661402896
692.0666666667023, 336.8974727577983
692.1000000000356, 338.11445776849
692.1333333333689, 339.9262982620132
692.1666666667022, 342.2768861052102
692.2000000000355, 345.02985327494696
692.2333333333688, 348.04429898815783
692.2666666667021, 351.1793224617776
692.3000000000354, 354.29402291274084
692.3333333333687, 357.25874232620663
692.366666666702, 360.06493890032556
692.4000000000353, 362.7778890903586
692.4333333333686, 365.46391931165624
692.4666666667019, 368.18935597956886
692.5000000000352, 371.0205255094466
692.5333333333685, 374.08029647794206
692.5666666667018, 377.7663556269743
692.6000000000352, 382.55976445001914
692.6333333333685, 388.9416032371717
692.6666666667018, 397.39295227852693
692.7000000000351, 408.3931092405612
692.7333333333684, 421.94781898473235
692.7666666667017, 436.95492053853485
692.800000000035, 452.15405102263503
692.8333333333683, 466.28484755769915
692.8666666667016, 478.0869472643933
692.9000000000349, 486.32780101250387
692.9333333333682, 490.6783501466871
692.9666666667015, 491.8896137656727
693.0000000000348, 490.776095392059
693.0333333333681, 488.1522985484446
693.0666666667014, 484.83272675742785
693.1000000000347, 481.5895827070826
693.133333333368, 478.72769677664564
693.1666666667013, 476.2615534137877
693.2000000000346, 474.2012765282995
693.2333333333679, 472.55699002997204
693.2666666667012, 471.33881782859623
693.3000000000345, 470.5896206199402
693.3333333333678, 470.5136439409718
693.3666666667011, 471.3647789175511
693.4000000000344, 473.396930298953
693.4333333333677, 476.86400283445175
693.466666666701, 482.01950263381525
693.5000000000343, 489.00759351940695
693.5333333333676, 497.7149867235247
693.5666666667009, 507.9913660882184
693.6000000000342, 519.686415455538
693.6333333333675, 532.6498186675332
693.6666666667008, 546.7159543454358
693.7000000000342, 561.2224777879758
693.7333333333675, 574.9134919286345
693.7666666667008, 586.4982359230441
693.8000000000341, 594.6859489268377
693.8333333333674, 598.1858700956476
693.8666666667007, 595.8590046356064
693.900000000034, 588.2277671420659
693.9333333333673, 576.8395414524365
693.9666666667006, 563.2568052419725
694.0000000000339, 549.0420361859289
694.0333333333672, 535.7577119595596
694.0666666667005, 524.7052874549246
694.1000000000338, 515.9188081295172
694.1333333333671, 509.04818807709046
694.1666666667004, 503.7432560325228
694.2000000000337, 499.65384073069237
694.233333333367, 496.42995113563927
694.2666666667003, 493.7661601346062
694.3000000000336, 491.45978728863315
694.3333333333669, 489.3225837755582
694.3666666667002, 487.1663007732196
694.4000000000335, 484.80268945945517
694.4333333333668, 482.047869636607
694.4666666667001, 478.8523996190629
694.5000000000334, 475.3233842146379
694.5333333333667, 471.57675060437407
694.5666666667, 467.7284259693134
694.6000000000333, 463.894337490498
694.6333333333666, 460.1884761095353
694.6666666666999, 456.7045389417615
694.7000000000332, 453.5241106685207
694.7333333333665, 450.72861390022234
694.7666666666998, 448.39947124727615
694.8000000000332, 446.61810532009156
694.8333333333665, 445.46079125734894
694.8666666666998, 444.97989692099986
694.9000000000331, 445.2208545860988
694.9333333333664, 446.229095790272
694.9666666666997, 448.05005207114556
695.000000000033, 450.7286983067417
695.0333333333663, 454.21962749337297
695.0666666666996, 458.27884850486964
695.1000000000329, 462.6359698946636
695.1333333333662, 467.0206002161865
695.1666666666995, 471.16234802286976
695.2000000000328, 474.79559673727704
695.2333333333661, 477.7874233293794
695.2666666666994, 480.1517050423797
695.3000000000327, 481.9099243644413
695.333333333366, 483.08356378372713
695.3666666666993, 483.69410578840024
695.4000000000326, 483.7884688743801
695.4333333333659, 483.66053050436244
695.4666666666992, 483.74304506445793
695.5000000000325, 484.470314737591
695.5333333333658, 486.2766417066862
695.5666666666991, 489.59632815466784
695.6000000000324, 494.55111446689614
695.6333333333657, 499.9139971786384
695.666666666699, 504.09425324248633
695.7000000000323, 505.50115416602966
695.7333333333656, 502.543971456858
695.7666666666989, 493.6514993591787
695.8000000000322, 480.08677849122915
695.8333333333655, 468.8914991740752
695.8666666666988, 467.81120951251046
695.9000000000322, 484.5914576113287
695.9333333333655, 526.9777915753233
695.9666666666988, 602.004062397271
696.0000000000321, 699.5899989562074
696.0333333333654, 792.1167411721166
696.0666666666987, 851.1688225100131
696.100000000032, 848.3307764349108
696.1333333333653, 755.1871364118239
696.1666666666986, 554.1696937982954
696.2000000000319, 322.2918320138441
696.2333333333652, 185.33866273232013
696.2666666666985, 269.5005314766331
696.3000000000318, 700.9677837696937
696.3333333333651, 1605.9307196596799
696.3666666666984, 3044.77798353494
696.4000000000317, 4821.64097947213
696.433333333365, 6678.278514861291
696.4666666666983, 8356.44939709246
696.5000000000316, 9597.912433555679
696.5333333333649, 10145.954290964004
696.5666666666982, 9898.168286645976
696.6000000000315, 9036.658575507914
696.6333333333648, 7774.194912464653
696.6666666666981, 6323.547052431026
696.7000000000314, 4897.484750321867
696.7333333333647, 3702.176668635602
696.766666666698, 2811.195629607053
696.8000000000313, 2175.3958760531655
696.8333333333646, 1741.0097223003404
696.8666666666979, 1454.26948267498
696.9000000000312, 1261.4074715034842
696.9333333333645, 1112.8070495212542
696.9666666666978, 990.4373937211482
697.0000000000312, 890.7874011026382
697.0333333333645, 810.4226036848779
697.0666666666978, 745.9085334870215
697.1000000000311, 693.8107787440299
697.1333333333644, 651.1391314744809
697.1666666666977, 616.4203860987642
697.200000000031, 588.504898280016
697.2333333333643, 566.2430236813727
697.2666666666976, 548.4851179659704
697.3000000000309, 534.0859447152033
697.3333333333642, 522.2024936404928
697.3666666666975, 512.483306641956
697.4000000000308, 504.62202997450134
697.4333333333641, 498.3123098930376
697.4666666666974, 493.24779265247355
697.5000000000307, 489.1230854195165
697.533333333364, 485.6484746874997
697.5666666666973, 482.54701910661225
697.6000000000306, 479.5421491287556
697.6333333333639, 476.35729520583135
697.6666666666972, 472.71588778974086
697.7000000000305, 468.38154179800273
697.7333333333638, 463.3776905734215
697.7666666666971, 457.83111417020314
697.8000000000304, 451.86885697396974
697.8333333333637, 445.61796337034315
697.866666666697, 439.20546258247526
697.9000000000303, 432.74145425272525
697.9333333333636, 426.2866856296815
697.9666666666969, 419.8929598131572
698.0000000000302, 413.6120799029655
698.0333333333635, 407.4958489989197
698.0666666666968, 401.596184031421
698.1000000000301, 395.9702748563992
698.1333333333635, 390.68269633121815
698.1666666666968, 385.79857464308
698.2000000000301, 381.38303597918684
698.2333333333634, 377.50120652674093
698.2666666666967, 374.2114139509734
698.30000000003, 371.48380874238654
698.3333333333633, 369.2269864358662
698.3666666666966, 367.3482850461957
698.4000000000299, 365.75504258815846
698.4333333333632, 364.3545970765375
698.4666666666965, 363.06338215351366
698.5000000000298, 361.84654954330875
698.5333333333631, 360.68549380783327
698.5666666666964, 359.5616207053313
698.6000000000297, 358.456335994047
698.633333333363, 357.3510777556971
698.6666666666963, 356.23769539693785
698.7000000000296, 355.13332074844857
698.7333333333629, 354.05884920251464
698.7666666666962, 353.0351761514211
698.8000000000295, 352.0831969874532
698.8333333333628, 351.2229094211688
698.8666666666961, 350.4460387965321
698.9000000000294, 349.7110136645261
698.9333333333627, 348.9743515728564
698.966666666696, 348.1925700692283
699.0000000000293, 347.3221867013473
699.0333333333626, 346.32340722825785
699.0666666666959, 345.1938071346385
699.1000000000292, 343.9526909416818
699.1333333333625, 342.6196319682052
699.1666666666958, 341.21420353302625
699.2000000000291, 339.7559789549627
699.2333333333625, 338.268439189829
699.2666666666958, 336.7919655279988
699.3000000000291, 335.37150716115866
699.3333333333624, 334.0520133555465
699.3666666666957, 332.8784333773995
699.400000000029, 331.8953549505153
699.4333333333623, 331.1005160176882
699.4666666666956, 330.3989465688255
699.5000000000289, 329.6847811885713
699.5333333333622, 328.8521544615696
699.5666666666955, 327.7952009724646
699.6000000000288, 326.4168879155453
699.6333333333621, 324.81142464561594
699.6666666666954, 323.2578721937697
699.7000000000287, 322.0428456410814
699.733333333362, 321.45296006862577
699.7666666666953, 321.7748305574776
699.8000000000286, 323.23510951633597
699.8333333333619, 325.59298931985035
699.8666666666952, 328.38824464589203
699.9000000000285, 331.1593843887486
699.9333333333618, 333.44491744270755
699.9666666666951, 334.78337216367834
700.0000000000284, 334.8539768372308
700.0333333333617, 333.81407631290796
700.066666666695, 331.9224790516998
700.1000000000283, 329.43799351459626
700.1333333333616, 326.61942816258727
700.1666666666949, 323.7245886999705
700.2000000000282, 320.94790249384045
700.2333333333615, 318.3836671141303
700.2666666666948, 316.11734165775897
700.3000000000281, 314.23438522164537
700.3333333333615, 312.8202569027083
700.3666666666948, 311.9525143016286
700.4000000000281, 311.58976677949863
700.4333333333614, 311.5986882635932
700.4666666666947, 311.84356637917637
700.500000000028, 312.1886887515127
700.5333333333613, 312.4983430058663
700.5666666666946, 312.6539015062523
700.6000000000279, 312.63763072302635
700.6333333333612, 312.46870291351934
700.6666666666945, 312.16634530308704
700.7000000000278, 311.74978511708474
700.7333333333611, 311.23826680882576
700.7666666666944, 310.6594694345455
700.8000000000277, 310.06307721770617
700.833333333361, 309.5023179194269
700.8666666666943, 309.03041930082645
700.9000000000276, 308.700609123024
700.9333333333609, 308.564811081602
700.9666666666942, 308.62950747109977
701.0000000000275, 308.84502216467797
701.0333333333608, 309.15820139291935
701.0666666666941, 309.5158913864071
701.1000000000274, 309.864938375724
701.1333333333607, 310.1593909608461
701.166666666694, 310.4293119143258
701.2000000000273, 310.75037507177586
701.2333333333606, 311.19887419970456
701.2666666666939, 311.8511030646203
701.3000000000272, 312.7833554330314
701.3333333333605, 314.05411179266656
701.3666666666938, 315.64366278897865
701.4000000000271, 317.51085185852804
701.4333333333605, 319.6145218575358
701.4666666666938, 321.91351564222333
701.5000000000271, 324.36629162463163
701.5333333333604, 326.8823998848192
701.5666666666937, 329.2750895219003
701.600000000027, 331.34635968831765
701.6333333333603, 332.89820953651383
701.6666666666936, 333.7326382189317
701.7000000000269, 333.66301802841474
701.7333333333602, 332.73959853030857
701.7666666666935, 331.2365439237126
701.8000000000268, 329.436796446152
701.8333333333601, 327.62329833515184
701.8666666666934, 326.0789918282376
701.9000000000267, 325.06688413871035
701.93333333336, 324.7020572422189
701.9666666666933, 325.0330598492388
702.0000000000266, 326.10812181409716
702.0333333333599, 327.9754729911215
702.0666666666932, 330.68332007873823
702.1000000000265, 334.21553839324463
702.1333333333598, 338.35120415075835
702.1666666666931, 342.82873004492114
702.2000000000264, 347.38652876937476
702.2333333333597, 351.763013017761
702.266666666693, 355.69795641599967
702.3000000000263, 359.00139101207293
702.3333333333596, 361.58615721752585
702.3666666666929, 363.37326356818517
702.4000000000262, 364.28371859987755
702.4333333333595, 364.2385308484297
702.4666666666928, 363.1791824525933
702.5000000000261, 361.31578872810474
702.5333333333595, 359.04752357249515
702.5666666666928, 356.77750133766625
702.6000000000261, 354.90883637551974
702.6333333333594, 353.8446430379571
702.6666666666927, 354.0009982657493
702.700000000026, 355.86124609605656
702.7333333333593, 359.9304832372865
702.7666666666926, 366.71381736086175
702.8000000000259, 376.71635613820473
702.8333333333592, 390.4412656333905
702.8666666666925, 407.9459379105963
702.9000000000258, 428.2758646326318
702.9333333333591, 450.3368956100234
702.9666666666924, 473.0348806532974
703.0000000000257, 495.27566957298023
703.033333333359, 515.976297103401
703.0666666666923, 534.3443833341175
703.1000000000256, 549.8979543115155
703.1333333333589, 562.1701905372933
703.1666666666922, 570.6942725131498
703.2000000000255, 575.0033807407842
703.2333333333588, 574.7402224640298
703.2666666666921, 570.4813700101348
703.3000000000254, 563.2761261676239
703.3333333333587, 554.1774649103065
703.366666666692, 544.2383602119929
703.4000000000253, 534.5117763239201
703.4333333333586, 525.8566615020612
703.4666666666919, 518.4399603726276
703.5000000000252, 512.2743991343048
703.5333333333585, 507.3727039857785
703.5666666666918, 503.74760112573443
703.6000000000251, 501.40914950620515
703.6333333333585, 500.19216167319223
703.6666666666918, 499.6506905851126
703.700000000025, 499.313538593272
703.7333333333584, 498.7095080489761
703.7666666666917, 497.3674013035305
703.800000000025, 494.8553500699519
703.8333333333583, 491.3200639413402
703.8666666666916, 487.3486303052011
703.9000000000249, 483.53917880964616
703.9333333333582, 480.4898391027868
703.9666666666915, 478.7987408327345
704.0000000000248, 478.8938740404115
704.0333333333581, 480.24926446821513
704.0666666666914, 482.0066642958944
704.1000000000247, 483.30748673648384
704.133333333358, 483.29314500301786
704.1666666666913, 481.1064329926618
704.2000000000246, 476.3163879670387
704.2333333333579, 469.51891551581144
704.2666666666912, 461.4614362478847
704.3000000000245, 452.8913707721632
704.3333333333578, 444.5561396975513
704.3666666666911, 437.1882605934026
704.4000000000244, 431.0989616559912
704.4333333333577, 426.1293069774854
704.466666666691, 422.09564573249617
704.5000000000243, 418.8143270956341
704.5333333333576, 416.10170024151023
704.5666666666909, 413.78061677496834
704.6000000000242, 411.7317240673576
704.6333333333575, 409.8659448356841
704.6666666666908, 408.0944678429334
704.7000000000241, 406.32848185209133
704.7333333333575, 404.4791764848338
704.7666666666908, 402.4920904415582
704.800000000024, 400.43829987131534
704.8333333333574, 398.41755243140034
704.8666666666907, 396.52959577910855
704.900000000024, 394.87417757173546
704.9333333333573, 393.5505254877693
704.9666666666906, 392.62269407887
705.0000000000239, 392.0978024700703
705.0333333333572, 391.97777829759724
705.0666666666905, 392.26454919767787
705.1000000000238, 392.96004280653955
705.1333333333571, 394.0687578207496
705.1666666666904, 395.6329483950344
705.2000000000237, 397.72357140028424
705.233333333357, 400.4123014584564
705.2666666666903, 403.7708131915085
705.3000000000236, 407.87078122139803
705.3333333333569, 412.7441471541213
705.3666666666902, 418.2032968289074
705.4000000000235, 423.98519751769845
705.4333333333568, 429.8267481327272
705.4666666666901, 435.4648475862267
705.5000000000234, 440.63681832207686
705.5333333333567, 445.1945436472102
705.56666666669, 449.2588995957809
705.6000000000233, 452.9893290193505
705.6333333333566, 456.5452747694809
705.6666666666899, 460.0861796977334
705.7000000000232, 463.7521680973158
705.7333333333565, 467.17296594425426
705.7666666666898, 469.42824965931675
705.8000000000231, 469.57043293926324
705.8333333333564, 466.6519294808536
705.8666666666898, 459.7251529808476
705.900000000023, 448.3374979422619
705.9333333333564, 436.18427676342424
705.9666666666897, 429.03046509271815
706.000000000023, 432.6562665238729
706.0333333333563, 452.8418846506175
706.0666666666896, 495.3669060803266
706.1000000000229, 560.9389130897642
706.1333333333562, 632.9064999076554
706.1666666666895, 690.9076300450429
706.2000000000228, 714.5802670129698
706.2333333333561, 683.562374322479
706.2666666666894, 578.1567156271132
706.3000000000227, 415.79719589022153
706.333333333356, 269.93939402701386
706.3666666666893, 218.68329041514107
706.4000000000226, 340.128865432255
706.4333333333559, 712.3760994560074
706.4666666666892, 1405.1639181345477
706.5000000000225, 2379.111333961804
706.5333333333558, 3518.328634991913
706.5666666666891, 4705.346120440781
706.6000000000224, 5822.69408952431
706.6333333333557, 6752.902841458404
706.666666666689, 7396.519076851085
706.7000000000223, 7743.604035310957
706.7333333333556, 7811.967136856051
706.7666666666889, 7619.426238090951
706.8000000000222, 7183.79919562024
706.8333333333555, 6523.019819087312
706.8666666666888, 5674.0879750633385
706.9000000000221, 4714.10821415647
706.9333333333554, 3725.253253252821
706.9666666666888, 2789.695809238497
707.000000000022, 1989.608598999608
707.0333333333554, 1404.096608806922
707.0666666666887, 1046.4103894513598
707.100000000022, 866.4576712051712
707.1333333333553, 811.5810148317448
707.1666666666886, 829.1229810944693
707.2000000000219, 866.4261307567325
707.2333333333552, 876.4328623264122
707.2666666666885, 852.2563660988852
707.3000000000218, 804.5496283223024
707.3333333333551, 744.0388823543641
707.3666666666884, 681.450361552771
707.4000000000217, 627.507580568177
707.433333333355, 589.7213396586716
707.4666666666883, 566.1766213197726
707.5000000000216, 553.2386561284611
707.5333333333549, 547.2726746617191
707.5666666666882, 544.6439074965276
707.6000000000215, 541.761961348769
707.6333333333548, 536.761759032343
707.6666666666881, 530.019582060436
707.7000000000214, 522.061516993866
707.7333333333547, 513.4136503934504
707.766666666688, 504.6020688200076
707.8000000000213, 496.1223377991525
707.8333333333546, 488.15075771609577
707.8666666666879, 480.67336130294797
707.9000000000212, 473.6736467240611
707.9333333333545, 467.1351121437874
707.9666666666878, 461.041255726479
708.0000000000211, 455.3624715247355
708.0333333333544, 450.01564403316064
708.0666666666878, 444.9040014041565
708.100000000021, 439.93077178576885
708.1333333333544, 434.9991833260435
708.1666666666877, 430.0130550043593
708.200000000021, 424.9255904123464
708.2333333333543, 419.77585301478496
708.2666666666876, 414.6114992521344
708.3000000000209, 409.4801855648549
708.3333333333542, 404.42956839340616
708.3666666666875, 399.50828480767336
708.4000000000208, 394.78032036128224
708.4333333333541, 390.32183112951463
708.4666666666874, 386.20930748131445
708.5000000000207, 382.51923978562587
708.533333333354, 379.3281184113929
708.5666666666873, 376.70180793130504
708.6000000000206, 374.64645406826673
708.6333333333539, 373.1473553679485
708.6666666666872, 372.1897887104093
708.7000000000205, 371.75903097570847
708.7333333333538, 371.84021418908316
708.7666666666871, 372.3819102444938
708.8000000000204, 373.2480407279481
708.8333333333537, 374.2905804425221
708.866666666687, 375.361504191292
708.9000000000203, 376.3127867773339
708.9333333333536, 376.9984720920191
708.9666666666869, 377.3232809709521
709.0000000000202, 377.24438848583793
709.0333333333535, 376.72139438745404
709.0666666666868, 375.71389842657834
709.1000000000201, 374.18150035398827
709.1333333333534, 372.0944363986167
709.1666666666868, 369.5048193229609
709.20000000002, 366.50277745419925
709.2333333333534, 363.1786485718036
709.2666666666867, 359.62277045524576
709.30000000002, 355.92547895430425
709.3333333333533, 352.17353667192555
709.3666666666866, 348.4427272739685
709.4000000000199, 344.80673276529535
709.4333333333532, 341.33923515076833
709.4666666666865, 338.1139164352495
709.5000000000198, 335.20383123417633
709.5333333333531, 332.65620381538525
709.5666666666864, 330.48384587734614
709.6000000000197, 328.69718088222544
709.633333333353, 327.30663229218953
709.6666666666863, 326.3226235694048
709.7000000000196, 325.7473842728802
709.7333333333529, 325.49640548298396
709.7666666666862, 325.4330129088838
709.8000000000195, 325.41981846646456
709.8333333333528, 325.319434071611
709.8666666666861, 324.9944716402077
709.9000000000194, 324.34392382647036
709.9333333333527, 323.4140963881392
709.966666666686, 322.2885763880188
710.0000000000193, 321.0509508914068
710.0333333333526, 319.7848069636007
710.0666666666859, 318.57318585400924
710.1000000000192, 317.45676533780806
710.1333333333525, 316.40433858798906
710.1666666666858, 315.3777261548524
710.2000000000191, 314.3387485886981
710.2333333333524, 313.24922643982626
710.2666666666858, 312.07668819803536
710.300000000019, 310.8727595560033
710.3333333333524, 309.7531406336753
710.3666666666857, 308.8351418800248
710.400000000019, 308.2360737440257
710.4333333333523, 308.07324667465144
710.4666666666856, 308.44376743178134
710.5000000000189, 309.33837018699427
710.5333333333522, 310.7129057845502
710.5666666666855, 312.52320468086157
710.6000000000188, 314.72509733234074
710.6333333333521, 317.27413813435305
710.6666666666854, 320.07681077399087
710.7000000000187, 322.93443007648096
710.733333333352, 325.6347263307368
710.7666666666853, 327.9654298256718
710.8000000000186, 329.71427085019974
710.8333333333519, 330.6793128558904
710.8666666666852, 330.87482745403753
710.9000000000185, 330.5200069989558
710.9333333333518, 329.8421174895564
710.9666666666851, 329.0684249247506
711.0000000000184, 328.4261953034499
711.0333333333517, 328.10805225350657
711.066666666685, 328.0719247110903
711.1000000000183, 328.17835499967595
711.1333333333516, 328.2875705525244
711.1666666666849, 328.25979880289685
711.2000000000182, 327.9553321660692
711.2333333333515, 327.27301519145493
711.2666666666848, 326.2152450461943
711.3000000000181, 324.8016260668875
711.3333333333514, 323.05176259013456
711.3666666666848, 320.9852589525359
711.400000000018, 318.62421532975316
711.4333333333514, 316.0671007989075
711.4666666666847, 313.5010625292025
711.500000000018, 311.11822261380365
711.5333333333513, 309.1107031458764
711.5666666666846, 307.6706262185864
711.6000000000179, 306.96300818287784
711.6333333333512, 306.91805730164396
711.6666666666845, 307.3455505040625
711.7000000000178, 308.0542833556002
711.7333333333511, 308.8530514217235
711.7666666666844, 309.5506581477651
711.8000000000177, 309.9979497968505
711.833333333351, 310.18604896650726
711.8666666666843, 310.135298886439
711.9000000000176, 309.86604278634934
711.9333333333509, 309.39862389594157
711.9666666666842, 308.7541876160633
712.0000000000175, 307.9912538516577
712.0333333333508, 307.22081282350996
712.0666666666841, 306.5577854407954
712.1000000000174, 306.11709261268936
712.1333333333507, 306.01365524836734
712.166666666684, 306.3465716315886
712.2000000000173, 307.0403043052836
712.2333333333506, 307.91091294603166
712.2666666666839, 308.77283283135483
712.3000000000172, 309.44049923877486
712.3333333333505, 309.72834744581354
712.3666666666838, 309.5314650962545
712.4000000000171, 309.075169575414
712.4333333333504, 308.6692855571333
712.4666666666838, 308.6236377541609
712.500000000017, 309.2480508792451
712.5333333333504, 310.84851347156166
712.5666666666837, 313.4435261306131
712.600000000017, 316.5694682027946
712.6333333333503, 319.71666387065113
712.6666666666836, 322.37543731672736
712.7000000000169, 324.0361127235682
712.7333333333502, 324.23890950626964
712.7666666666835, 323.2243505696501
712.8000000000168, 321.74932441906026
712.8333333333501, 320.58275322374385
712.8666666666834, 320.49355915294495
712.9000000000167, 322.2506643759073
712.93333333335, 326.37782628168185
712.9666666666833, 332.1858618463346
713.0000000000166, 338.61115168806816
713.0333333333499, 344.5899686870444
713.0666666666832, 349.05858572342544
713.1000000000165, 350.95762017462226
713.1333333333498, 349.79200171583614
713.1666666666831, 346.1840545898507
713.2000000000164, 340.8875248094562
713.2333333333497, 334.6561583874425
713.266666666683, 328.2437013365997
713.3000000000163, 322.37944865100343
713.3333333333496, 317.35680847306344
713.3666666666829, 313.0937814264664
713.4000000000162, 309.49609764642327
713.4333333333495, 306.4694872681448
713.4666666666828, 303.91968042684186
713.5000000000161, 301.7629778823349
713.5333333333494, 299.97796963580555
713.5666666666827, 298.5659838728624
713.600000000016, 297.52838215135375
713.6333333333494, 296.8665260291278
713.6666666666827, 296.5815977914559
713.700000000016, 296.6299880994062
713.7333333333493, 296.8645936649212
713.7666666666826, 297.1237392457609
713.8000000000159, 297.24574959968504
713.8333333333492, 297.06894948445375
713.8666666666825, 296.4461496558896
713.9000000000158, 295.5576780078747
713.9333333333491, 294.90826520542134
713.9666666666824, 295.0165050203937
714.0000000000157, 296.4009912246561
714.033333333349, 299.5803175900728
714.0666666666823, 304.85734200893313
714.1000000000156, 311.0409105500311
714.1333333333489, 316.3076162815648
714.1666666666822, 318.83178856768205
714.2000000000155, 316.7877567725305
714.2333333333488, 308.35366258415024
714.2666666666821, 293.8405927184615
714.3000000000154, 279.2394049540883
714.3333333333487, 271.4760147736937
714.366666666682, 277.4763376599411
714.4000000000153, 304.1662890954937
714.4333333333486, 358.2185382042908
714.4666666666819, 439.0645805991871
714.5000000000152, 538.0076357025152
714.5333333333485, 645.919512915195
714.5666666666818, 753.6720216381457
714.6000000000151, 852.1369712722867
714.6333333333484, 932.7274995573279
714.6666666666817, 991.2045686028388
714.700000000015, 1025.4224588563595
714.7333333333484, 1033.2488518488988
714.7666666666817, 1012.5514291114656
714.800000000015, 961.1996769962623
714.8333333333483, 879.9387950300758
714.8666666666816, 778.2218412128341
714.9000000000149, 667.1437986340305
714.9333333333482, 557.799650383159
714.9666666666815, 461.2843795497127
715.0000000000148, 388.4898079407362
715.0333333333481, 343.0008122089185
715.0666666666814, 319.23867778255277
715.1000000000147, 311.0442222352748
715.133333333348, 312.25826314072043
715.1666666666813, 316.7216180725255
715.2000000000146, 318.76409836540694
715.2333333333479, 317.2086402221777
715.2666666666812, 313.2961491333329
715.3000000000145, 308.29085178587286
715.3333333333478, 303.45697486679774
715.3666666666811, 300.0586928606139
715.4000000000144, 298.99120912808837
715.4333333333477, 299.89753486669275
715.466666666681, 302.15529513154075
715.5000000000143, 305.14211497774625
715.5333333333476, 308.235619460423
715.5666666666809, 310.82120856052336
715.6000000000142, 312.63274160312096
715.6333333333475, 313.88544860423576
715.6666666666808, 314.82978982479443
715.7000000000141, 315.7162255257234
715.7333333333474, 316.7952159679492
715.7666666666807, 318.2851476717157
715.800000000014, 320.07215466650786
715.8333333333474, 321.84584190775314
715.8666666666807, 323.29325409710344
715.900000000014, 324.1014359362105
715.9333333333473, 323.9574334561375
715.9666666666806, 322.68176775770155
716.0000000000139, 320.5947964336128
716.0333333333472, 318.1338570784844
716.0666666666805, 315.7362872869291
716.1000000000138, 313.83942465355955
716.1333333333471, 312.87749811363705
716.1666666666804, 313.1136621544056
716.2000000000137, 314.5544249166711
716.233333333347, 317.1851839473173
716.2666666666803, 320.9913367932274
716.3000000000136, 325.95828100128483
716.3333333333469, 332.02399973624955
716.3666666666802, 338.5814947915952
716.4000000000135, 344.67509392078654
716.4333333333468, 349.3434437354546
716.4666666666801, 351.6251908472303
716.5000000000134, 350.5589818677448
716.5333333333467, 345.542568042723
716.56666666668, 337.43342505015
716.6000000000133, 327.45988037353806
716.6333333333466, 316.8502615527498
716.6666666666799, 306.8328961276484
716.7000000000132, 298.6268496358073
716.7333333333465, 292.83860311079695
716.7666666666798, 289.0909056072887
716.8000000000131, 286.91775343048243
716.8333333333464, 285.85314288557817
716.8666666666797, 285.43107027777563
716.900000000013, 285.20510762962147
716.9333333333464, 284.974174846424
716.9666666666797, 284.7043541380061
717.000000000013, 284.3649409763743
717.0333333333463, 283.9252308335352
717.0666666666796, 283.3545191814953
717.1000000000129, 282.63807508159437
717.1333333333462, 281.830474858804
717.1666666666795, 281.00508758736055
717.2000000000128, 280.2352826865194
717.2333333333461, 279.59442957553574
717.2666666666794, 279.15567805631645
717.3000000000127, 278.9752197836448
717.333333333346, 279.0805202247185
717.3666666666793, 279.49626466699505
717.4000000000126, 280.2471383979316
717.4333333333459, 281.35782670498554
717.4666666666792, 282.84120364033095
717.5000000000125, 284.551747017553
717.5333333333458, 286.2307465747009
717.5666666666791, 287.61704374576726
717.6000000000124, 288.4494799647449
717.6333333333457, 288.4668966656265
717.666666666679, 287.49719120185404
717.7000000000123, 285.77382955359525
717.7333333333456, 283.64566846623967
717.7666666666789, 281.4615728803589
717.8000000000122, 279.57040773652426
717.8333333333455, 278.3190808298569
717.8666666666788, 277.88442811219954
717.9000000000121, 278.1438949891561
717.9333333333454, 278.94448355460764
717.9666666666787, 280.1331959024356
718.000000000012, 281.55703412652105
718.0333333333454, 283.05986528396255
718.0666666666787, 284.44147213975083
718.100000000012, 285.4690905428052
718.1333333333453, 285.90919558017714
718.1666666666786, 285.52826233891864
718.2000000000119, 284.0927659060812
718.2333333333452, 281.4833784397713
718.2666666666785, 278.1175004902852
718.3000000000118, 274.57007816680533
718.3333333333451, 271.4160784076283
718.3666666666784, 269.23046815105033
718.4000000000117, 268.5890291129085
718.433333333345, 270.14382664118114
718.4666666666783, 274.6843832705997
718.5000000000116, 283.01461737631615
718.5333333333449, 295.93844733348254
718.5666666666782, 314.25979151725085
718.6000000000115, 338.60453469964267
718.6333333333448, 367.0288317325899
718.6666666666781, 395.6577425959881
718.7000000000114, 420.56929813447357
718.7333333333447, 437.8415291926824
718.766666666678, 443.55246661525075
718.8000000000113, 434.928288735319
718.8333333333446, 414.67077185115835
718.8666666666779, 387.11220718301416
718.9000000000112, 356.5851614276952
718.9333333333445, 327.42220128200984
718.9666666666778, 303.935109132834
719.0000000000111, 288.4379802797679
719.0333333333444, 279.61617258014036
719.0666666666777, 275.7711516250664
719.100000000011, 275.2043830056612
719.1333333333444, 276.21733231304006
719.1666666666777, 277.18165819023864
719.200000000011, 277.4864568442639
719.2333333333443, 277.2875775120794
719.2666666666776, 276.75966455020085
719.3000000000109, 276.0773623151438
719.3333333333442, 275.41531516342366
719.3666666666775, 274.9092685706493
719.4000000000108, 274.50990608147396
719.4333333333441, 274.11293527571564
719.4666666666774, 273.6140548026491
719.5000000000107, 272.90896331154914
719.533333333344, 271.89436438680156
719.5666666666773, 270.5612742430874
719.6000000000106, 269.0707784097463
719.6333333333439, 267.60179022723247
719.6666666666772, 266.333223036
719.7000000000105, 265.4439901765034
719.7333333333438, 265.0979500944701
719.7666666666771, 265.24459652812374
719.8000000000104, 265.6738083313935
719.8333333333437, 266.1716588456802
719.866666666677, 266.52422141238503
719.9000000000103, 266.51756937290884
719.9333333333436, 266.0102610683427
719.9666666666769, 265.19906305336815
720.0000000000102, 264.3793046861206
720.0333333333435, 263.84632675118274
720.0666666666768, 263.8954700331376
720.1000000000101, 264.81885744475227
720.1333333333434, 266.62770754507153
720.1666666666767, 268.8380250895812
720.20000000001, 270.91536659159124
720.2333333333434, 272.32528856441127
720.2666666666767, 272.5333475213513
720.30000000001, 271.09102204523714
720.3333333333433, 268.72590761823363
720.3666666666766, 267.01803583700195
720.4000000000099, 267.566514417149
720.4333333333432, 271.9704510742814
720.4666666666765, 281.82895352400624
720.5000000000098, 298.1617642087871
720.5333333333431, 319.3820321998148
720.5666666666764, 343.1701786275255
720.6000000000097, 367.20658541351673
720.633333333343, 389.17163447938566
720.6666666666763, 406.75829110566417
720.7000000000096, 418.63732643930905
720.7333333333429, 425.1393544892305
720.7666666666762, 426.75607147134826
720.8000000000095, 423.9791736015817
720.8333333333428, 417.3003570958503
720.8666666666761, 407.2419695107876
720.9000000000094, 394.72140701974524
720.9333333333427, 380.930617862026
720.966666666676, 367.06709759536005
721.0000000000093, 354.32834177747736
721.0333333333426, 343.9118459661078
721.0666666666759, 336.7018572796455
721.1000000000092, 332.2464911568897
721.1333333333425, 329.7376848655346
721.1666666666758, 328.36737239345223
721.2000000000091, 327.3274877285145
721.2333333333424, 325.81622656409917
721.2666666666757, 323.44907585137696
721.300000000009, 320.5134435649808
721.3333333333424, 317.35757632701456
721.3666666666757, 314.32972075958185
721.400000000009, 311.7781234847866
721.4333333333423, 310.020196583572
721.4666666666756, 309.00639827819964
721.5000000000089, 308.44634158403016
721.5333333333422, 308.04543710420444
721.5666666666755, 307.5090954418631
721.6000000000088, 306.5427272009082
721.6333333333421, 304.94827333555384
721.6666666666754, 302.91149284335825
721.7000000000087, 300.71352682419393
721.733333333342, 298.6355163779335
721.7666666666753, 296.9586026044493
721.8000000000086, 295.9598688471703
721.8333333333419, 295.69123874561484
721.8666666666752, 295.86577596860326
721.9000000000085, 296.1685484167454
721.9333333333418, 296.28462399065086
721.9666666666751, 295.8990705909294
722.0000000000084, 294.73449784890147
722.0333333333417, 292.91865366787556
722.066666666675, 290.826538649971
722.1000000000083, 288.83668367507653
722.1333333333416, 287.32761962308143
722.1666666666749, 286.6778730096375
722.2000000000082, 287.106302145683
722.2333333333415, 288.2498517757582
722.2666666666748, 289.6129373700136
722.3000000000081, 290.69997439859924
722.3333333333414, 291.0153783316656
722.3666666666747, 290.0719975287548
722.400000000008, 287.7638459172024
722.4333333333414, 284.5133613404347
722.4666666666747, 280.781854934441
722.500000000008, 277.03063783521054
722.5333333333413, 273.7210211787324
722.5666666666746, 271.2720619494368
722.6000000000079, 269.69613012971735
722.6333333333412, 268.7784675741812
722.6666666666745, 268.30184009223353
722.7000000000078, 268.0490134932793
722.7333333333411, 267.8027686921125
722.7666666666744, 267.41006206540385
722.8000000000077, 266.92875895100957
722.833333333341, 266.4599872133828
722.8666666666743, 266.10487471697735
722.9000000000076, 265.9645493262465
722.9333333333409, 266.1368907662207
722.9666666666742, 266.6019875316076
723.0000000000075, 267.1916459202403
723.0333333333408, 267.72822441320125
723.0666666666741, 268.03408149157275
723.1000000000074, 267.93157563643706
723.1333333333407, 267.2687865097313
723.166666666674, 266.11124570637213
723.2000000000073, 264.63378618427606
723.2333333333406, 263.0120676875778
723.2666666666739, 261.42174996041194
723.3000000000072, 260.03844468039597
723.3333333333405, 258.9836050116008
723.3666666666738, 258.22063970323296
723.4000000000071, 257.68428392751395
723.4333333333404, 257.3092728566654
723.4666666666737, 257.03034166290905
723.500000000007, 256.78350488891317
723.5333333333404, 256.54164070627144
723.5666666666737, 256.3191681976636
723.600000000007, 256.1327254589953
723.6333333333403, 255.99895058617258
723.6666666666736, 255.9344816751011
723.7000000000069, 255.95625437781044
723.7333333333402, 256.083382927609
723.7666666666735, 256.3359500228153
723.8000000000068, 256.73404276151564
723.8333333333401, 257.2977482417961
723.8666666666734, 258.04701824804175
723.9000000000067, 258.943685566089
723.93333333334, 259.80112968781094
723.9666666666733, 260.4093676026008
724.0000000000066, 260.5584162998517
724.0333333333399, 260.0382927689567
724.0666666666732, 258.65276707158216
724.1000000000065, 256.5186926391104
724.1333333333398, 254.06421826833326
724.1666666666731, 251.73088822377733
724.2000000000064, 249.96024676996913
724.2333333333397, 249.19383817143512
724.266666666673, 249.7732470789919
724.3000000000063, 251.4147448904237
724.3333333333396, 253.593292380534
724.3666666666729, 255.78333598200496
724.4000000000062, 257.4593221275189
724.4333333333395, 258.0970410172187
724.4666666666728, 257.4432046103966
724.5000000000061, 255.84227262320306
724.5333333333394, 253.71855347033178
724.5666666666727, 251.49635556647647
724.600000000006, 249.59998732633073
724.6333333333394, 248.43408627059495
724.6666666666727, 248.0505707514859
724.700000000006, 248.19648629132251
724.7333333333393, 248.60884057932856
724.7666666666726, 249.02464130472757
724.8000000000059, 249.18089615674322
724.8333333333392, 248.86818277612966
724.8666666666725, 248.1595848923402
724.9000000000058, 247.22097569407293
724.9333333333391, 246.21828348352224
724.9666666666724, 245.31743656288273
725.0000000000057, 244.68359639248467
725.033333333339, 244.39883209644378
725.0666666666723, 244.38880358665912
725.1000000000056, 244.56187488389887
725.1333333333389, 244.8264100089315
725.1666666666722, 245.09077298252524
725.2000000000055, 245.26931063723197
725.2333333333388, 245.36073226590457
725.2666666666721, 245.42614856834862
725.3000000000054, 245.5281352750601
725.3333333333387, 245.729268116535
725.366666666672, 246.09212282326925
725.4000000000053, 246.6650347328843
725.4333333333386, 247.43391986625213
725.4666666666719, 248.36759673282663
725.5000000000052, 249.43488339944918
725.5333333333385, 250.60459793296118
725.5666666666718, 251.84503340920534
725.6000000000051, 253.09088770992722
725.6333333333384, 254.22354397683043
725.6666666666717, 255.11965081718742
725.700000000005, 255.65585683827027
725.7333333333384, 255.7088106473513
725.7666666666717, 255.17867040080057
725.800000000005, 254.22593956880218
725.8333333333383, 253.17313346765334
725.8666666666716, 252.34521233426574
725.9000000000049, 252.06713640555125
725.9333333333382, 252.66386001190145
725.9666666666715, 254.32419595548942
726.0000000000048, 256.7486702406026
726.0333333333381, 259.52837971488657
726.0666666666714, 262.25442122598685
726.1000000000047, 264.5178916215488
726.133333333338, 265.9177585857679
726.1666666666713, 266.37141286544335
726.2000000000046, 266.2172347841225
726.2333333333379, 265.82249148220984
726.2666666666712, 265.5544501001097
726.3000000000045, 265.7803777782266
726.3333333333378, 266.80015942491633
726.3666666666711, 268.328851177649
726.4000000000044, 269.78108094951943
726.4333333333377, 270.569014482392
726.466666666671, 270.10481751813137
726.5000000000043, 267.8012260680224
726.5333333333376, 263.669230216832
726.5666666666709, 259.45129645865285
726.6000000000042, 257.2013231265637
726.6333333333375, 258.97320855364296
726.6666666666708, 266.82085107296933
726.7000000000041, 282.6497451285837
726.7333333333374, 304.37479159704475
726.7666666666707, 325.57050244142823
726.800000000004, 339.59287179822894
726.8333333333374, 339.7978938039414
726.8666666666707, 319.54156259506016
726.900000000004, 275.31371654230384
726.9333333333373, 224.84258178649924
726.9666666666706, 194.6719666000638
727.0000000000039, 211.37422995376306
727.0333333333372, 301.52173081836247
727.0666666666705, 491.6042171701201
727.1000000000038, 787.3960498752608
727.1333333333371, 1146.771672046936
727.1666666666704, 1520.8555359420222
727.2000000000037, 1860.7720938173968
727.233333333337, 2117.6457979299366
727.2666666666703, 2244.800307008896
727.3000000000036, 2236.337322837815
727.3333333333369, 2122.3357169687397
727.3666666666702, 1934.1086677354513
727.4000000000035, 1702.9693534717337
727.4333333333368, 1460.2309525113683
727.4666666666701, 1233.4712813671222
727.5000000000034, 1030.629627500228
727.5333333333367, 853.2140189430331
727.56666666667, 702.7287782433518
727.6000000000033, 580.6782279489997
727.6333333333366, 488.5418757044404
727.6666666666699, 425.3445608152775
727.7000000000032, 385.6132933260834
727.7333333333365, 363.39403770144287
727.7666666666698, 352.73275840594044
727.8000000000031, 347.6754199041606
727.8333333333364, 342.5515739012813
727.8666666666697, 335.4131191314329
727.900000000003, 326.9323635777956
727.9333333333363, 317.83626676785224
727.9666666666697, 308.85178822908506
728.000000000003, 300.7058874889767
728.0333333333363, 293.98381984922406
728.0666666666696, 288.6990655975953
728.1000000000029, 284.7209109174478
728.1333333333362, 281.91864198864147
728.1666666666695, 280.16154499103646
728.2000000000028, 279.3173441765501
728.2333333333361, 279.1762931547384
728.2666666666694, 279.41707777014
728.3000000000027, 279.7097168497642
728.333333333336, 279.7242292206205
728.3666666666693, 279.1306337097179
728.4000000000026, 277.6385416791962
728.4333333333359, 275.3319047375861
728.4666666666692, 272.50079625504446
728.5000000000025, 269.43743551562295
728.5333333333358, 266.4340418033733
728.5666666666691, 263.782787458773
728.6000000000024, 261.6941201006078
728.6333333333357, 260.1288586861365
728.666666666669, 259.0003268513724
728.7000000000023, 258.22184823232885
728.7333333333356, 257.70674646501936
728.7666666666689, 257.3689268499403
728.8000000000022, 257.1388727058532
728.8333333333355, 256.96564578239344
728.8666666666688, 256.7992912046494
728.9000000000021, 256.58985409770963
728.9333333333354, 256.2873795866626
728.9666666666687, 255.8636421967715
729.000000000002, 255.43977638129587
729.0333333333353, 255.1997038077429
729.0666666666687, 255.32756339987745
729.100000000002, 256.00749408146424
729.1333333333353, 257.422906172969
729.1666666666686, 259.58061300159795
729.2000000000019, 262.0819491325459
729.2333333333352, 264.4715627716792
729.2666666666685, 266.294102124864
729.3000000000018, 267.0942153979668
729.3333333333351, 266.4417357030423
729.3666666666684, 264.35498481795224
729.4000000000017, 261.2382894281211
729.433333333335, 257.5085761253764
729.4666666666683, 253.5827715015457
729.5000000000016, 249.87780214845645
729.5333333333349, 246.746205205177
729.5666666666682, 244.21848151070972
729.6000000000015, 242.22466049269738
729.6333333333348, 240.69473837550112
729.6666666666681, 239.55871138348186
729.7000000000014, 238.74691241907502
729.7333333333347, 238.2168754752714
729.766666666668, 237.9729065509392
729.8000000000013, 238.02392672483597
729.8333333333346, 238.3788570757193
729.8666666666679, 239.04661868234683
729.9000000000012, 240.0244756784564
729.9333333333345, 241.17299871877685
729.9666666666678, 242.26400483687172
730.0000000000011, 243.0678062797054
730.0333333333344, 243.35471529424234
730.0666666666677, 242.8950481883301
730.100000000001, 241.5686945101914
730.1333333333343, 239.65080984564605
730.1666666666677, 237.50564693335212
730.200000000001, 235.4974585119676
730.2333333333343, 233.99049732015038
730.2666666666676, 233.34249868315763
730.3000000000009, 233.6656408245669
730.3333333333342, 234.75755918909303
730.3666666666675, 236.39530899724085
730.4000000000008, 238.3559454695153
730.4333333333341, 240.41652382642118
730.4666666666674, 242.37246939552116
730.5000000000007, 244.1655553361805
730.533333333334, 245.80753043152234
730.5666666666673, 247.31057911498493
730.6000000000006, 248.6868858200062
730.6333333333339, 249.94861655206563
730.6666666666672, 251.09955099262655
730.7000000000005, 252.12184356046336
730.7333333333338, 252.99421013790092
730.7666666666671, 253.69536660726428
730.8000000000004, 254.2040288508784
730.8333333333337, 254.50546369875983
730.866666666667, 254.72130642870067
730.9000000000003, 255.10205818343755
730.9333333333336, 255.90326903039178
730.9666666666669, 257.3804890369847
731.0000000000002, 259.78926827063765
731.0333333333335, 263.2978466387415
731.0666666666668, 267.5950717489579
731.1000000000001, 272.2061160109246
731.1333333333334, 276.656011210125
731.1666666666667, 280.4697891320428
731.2, 283.1751427610897
731.2333333333333, 284.5682459885743
731.2666666666667, 284.9401399409803
731.3, 284.63518309370676
731.3333333333333, 283.9977339221526
731.3666666666666, 283.37215090171696
731.3999999999999, 283.08413940041277
731.4333333333332, 283.2235020948872
731.4666666666665, 283.71827795063354
731.4999999999998, 284.49334545126663
731.5333333333331, 285.47358308040094
731.5666666666664, 286.58386933357986
731.5999999999997, 287.75090313786393
731.633333333333, 288.908260431809
731.6666666666663, 289.99114079236574
731.6999999999996, 290.9347437964844
731.7333333333329, 291.67426902111544
731.7666666666662, 292.1453334337484
731.7999999999995, 292.30026926451956
731.8333333333328, 292.1134097906537
731.8666666666661, 291.5605879194437
731.8999999999994, 290.61763655818254
731.9333333333327, 289.26038861416293
731.966666666666, 287.4816836751038
731.9999999999993, 285.41218853931315
732.0333333333326, 283.2494356331039
732.0666666666659, 281.19139862856963
732.0999999999992, 279.43605119780466
732.1333333333325, 278.1810627091177
732.1666666666658, 277.4852631833163
732.1999999999991, 277.0493183666351
732.2333333333324, 276.5169182531076
732.2666666666657, 275.53175283676717
732.299999999999, 273.73751211164745
732.3333333333323, 270.79920754667086
732.3666666666657, 266.81594774810867
732.399999999999, 262.29179061901925
732.4333333333323, 257.74627713910496
732.4666666666656, 253.69894828806758
732.4999999999989, 250.66934504560922
732.5333333333322, 249.05871223093266
732.5666666666655, 248.6383764455163
732.5999999999988, 248.97082659531756
732.6333333333321, 249.61841534377183
732.6666666666654, 250.1434953543143
732.6999999999987, 250.1113980699163
732.733333333332, 249.35026308081225
732.7666666666653, 248.15310046875499
732.7999999999986, 246.86047995466086
732.8333333333319, 245.8129712594461
732.8666666666652, 245.35114410402713
732.8999999999985, 245.78139526098968
732.9333333333318, 247.0090035401153
732.9666666666651, 248.67861845321139
732.9999999999984, 250.4304621097617
733.0333333333317, 251.90475661924992
733.066666666665, 252.74173372979
733.0999999999983, 252.70698100343893
733.1333333333316, 252.00509268484407
733.1666666666649, 250.93671101400773
733.1999999999982, 249.80247823093217
733.2333333333315, 248.90303657561967
733.2666666666648, 248.532549731363
733.2999999999981, 248.7674252009319
733.3333333333314, 249.41947995499817
733.3666666666647, 250.28457396377158
733.399999999998, 251.15856719746162
733.4333333333313, 251.83731962627803
733.4666666666647, 252.14268826607457
733.499999999998, 252.08433314614146
733.5333333333313, 251.7544226493977
733.5666666666646, 251.24547996044006
733.5999999999979, 250.65002826386524
733.6333333333312, 250.06050305267385
733.6666666666645, 249.54798258197118
733.6999999999978, 249.13445813518288
733.7333333333311, 248.8350507723772
733.7666666666644, 248.66488155362237
733.7999999999977, 248.63907153898654
733.833333333331, 248.7704995835587
733.8666666666643, 249.0345308087849
733.8999999999976, 249.37548042273863
733.9333333333309, 249.7367287028794
733.9666666666642, 250.0616559266668
733.9999999999975, 250.29364237156034
734.0333333333308, 250.39835347156333
734.0666666666641, 250.44319696710355
734.0999999999974, 250.5245996135998
734.1333333333307, 250.73899034329688
734.166666666664, 251.18279808843963
734.1999999999973, 251.95083771421258
734.2333333333306, 253.0457023201127
734.2666666666639, 254.3296375555362
734.2999999999972, 255.65311460000999
734.3333333333305, 256.8666046330611
734.3666666666638, 257.8205788342168
734.3999999999971, 258.3844475846927
734.4333333333304, 258.60692400805243
734.4666666666637, 258.6355539163099
734.499999999997, 258.61891561062674
734.5333333333303, 258.70558739216494
734.5666666666637, 259.0441035568969
734.599999999997, 259.7385933450246
734.6333333333303, 260.7652558233482
734.6666666666636, 262.0773904341506
734.6999999999969, 263.62829661971466
734.7333333333302, 265.37127382232313
734.7666666666635, 267.26152092559744
734.7999999999968, 269.2986034680698
734.8333333333301, 271.5268344614569
734.8666666666634, 273.9925025242128
734.8999999999967, 276.74189627479194
734.93333333333, 279.82130433164843
734.9666666666633, 283.29789376400436
734.9999999999966, 287.35760491677587
735.0333333333299, 292.22832045200516
735.0666666666632, 298.13797088788067
735.0999999999965, 305.31448674259104
735.1333333333298, 313.9828803552104
735.1666666666631, 324.0786136025353
735.1999999999964, 335.0060986660396
735.2333333333297, 346.11288621258404
735.266666666663, 356.7465269090294
735.2999999999963, 366.25457142223644
735.3333333333296, 374.02029401392883
735.3666666666629, 379.8540272746679
735.3999999999962, 383.847319880186
735.4333333333295, 386.0966700561138
735.4666666666628, 386.698576028082
735.4999999999961, 385.74954046374245
735.5333333333294, 383.3931060370053
735.5666666666627, 379.93594248273644
735.599999999996, 375.7200566753791
735.6333333333293, 371.08745548937657
735.6666666666626, 366.38014579917206
735.699999999996, 361.934785982326
735.7333333333293, 357.9192957088983
735.7666666666626, 354.3027030025828
735.7999999999959, 351.04260565691595
735.8333333333292, 348.096601465434
735.8666666666625, 345.4222882216732
735.8999999999958, 342.9885239337128
735.9333333333291, 340.84052527304044
735.9666666666624, 339.0552212426715
735.9999999999957, 337.7096438520259
736.033333333329, 336.8808251105238
736.0666666666623, 336.6453792156093
736.0999999999956, 337.00843882785523
736.1333333333289, 337.8233262315024
736.1666666666622, 338.9239618378943
736.1999999999955, 340.14426605837474
736.2333333333288, 341.3181593042874
736.2666666666621, 342.29189088651964
736.2999999999954, 343.0898214011163
736.3333333333287, 343.87023742585393
736.366666666662, 344.7946915614758
736.3999999999953, 346.0247364087251
736.4333333333286, 347.72192456832045
736.4666666666619, 350.0051203695041
736.4999999999952, 352.82285964492826
736.5333333333285, 356.08120198661845
736.5666666666618, 359.6862069866
736.5999999999951, 363.5439342368982
736.6333333333284, 367.56149710423813
736.6666666666617, 371.68862423522177
736.699999999995, 375.9313768320513
736.7333333333283, 380.29968047418987
736.7666666666616, 384.80346074110065
736.799999999995, 389.4526432122466
736.8333333333283, 394.36987239357313
736.8666666666616, 400.5477569237695
736.8999999999949, 409.383748450446
736.9333333333282, 422.2775507633404
736.9666666666615, 440.6288676521905
736.9999999999948, 465.8333777995886
737.0333333333281, 498.1751461475128
737.0666666666614, 535.3173341400815
737.0999999999947, 574.5455862573043
737.133333333328, 613.1455469791898
737.1666666666613, 648.4028607857474
737.1999999999946, 677.7173093249614
737.2333333333279, 700.3788539065861
737.2666666666612, 717.2318129656339
737.2999999999945, 729.1666709556954
737.3333333333278, 737.0739123303612
737.3666666666611, 741.8440215432216
737.3999999999944, 744.1222128155904
737.4333333333277, 743.4800919309552
737.466666666661, 739.1955899424848
737.4999999999943, 730.5466306278063
737.5333333333276, 716.8111377645456
737.5666666666609, 697.3365156891458
737.5999999999942, 674.8103871519777
737.6333333333275, 656.6703251270632
737.6666666666608, 650.7163326343649
737.6999999999941, 664.7484126938465
737.7333333333274, 706.5665683254707
737.7666666666607, 781.3856165806393
737.799999999994, 872.8069488448307
737.8333333333273, 953.6685532636634
737.8666666666606, 996.7298056088778
737.899999999994, 974.7500816522138
737.9333333333273, 860.5797392023646
737.9666666666606, 661.8537875844036
737.9999999999939, 473.31985094443496
738.0333333333272, 403.1416663756154
738.0666666666605, 559.4829709710995
738.0999999999938, 1050.507501824042
738.1333333333271, 1976.953645716757
738.1666666666604, 3306.980891371149
738.1999999999937, 4894.454553718157
738.233333333327, 6589.496807609336
738.2666666666603, 8242.229827896253
738.2999999999936, 9702.775789430463
738.3333333333269, 10840.012367059018
738.3666666666602, 11608.656315741733
738.3999999999935, 11987.967325450627
738.4333333333268, 11957.20702732487
738.4666666666601, 11495.637052503635
738.4999999999934, 10583.863987522906
738.5333333333267, 9272.31787519347
738.56666666666, 7713.826681842953
738.5999999999933, 6069.3791312359235
738.6333333333266, 4499.963947136952
738.6666666666599, 3166.569853310612
738.6999999999932, 2212.390135949818
738.7333333333265, 1627.6398988623064
738.7666666666598, 1324.56828131565
738.7999999999931, 1214.803615703646
738.8333333333264, 1209.974234420095
738.8666666666597, 1221.7716326459713
738.899999999993, 1188.226459021994
738.9333333333263, 1114.316564713546
738.9666666666596, 1015.498941256387
738.999999999993, 907.2305801862769
739.0333333333263, 804.9684730389756
739.0666666666596, 723.5745317307897
739.0999999999929, 667.1961117828025
739.1333333333262, 630.6958451245105
739.1666666666595, 608.6290909942869
739.1999999999928, 595.5512086305057
739.2333333333261, 586.0175572715406
739.2666666666594, 575.4602492619955
739.2999999999927, 563.3091642004961
739.333333333326, 550.1330091860051
739.3666666666593, 536.5005744371999
739.3999999999926, 522.980650172758
739.4333333333259, 510.13685475503354
739.4666666666592, 498.27218717742113
739.4999999999925, 487.311930203654
739.5333333333258, 477.15175971652934
739.5666666666591, 467.68735159884386
739.5999999999924, 458.81438173339467
739.6333333333257, 450.42533105882944
739.666666666659, 442.38590422553386
739.6999999999923, 434.5484443062672
739.7333333333256, 426.7651960309706
739.7666666666589, 418.88840412958535
739.7999999999922, 410.77064561804
739.8333333333255, 402.3804081158591
739.8666666666588, 393.97178897604135
739.8999999999921, 385.84209374335785
739.9333333333254, 378.28862796257994
739.9666666666587, 371.6086971784786
739.999999999992, 366.0829183668693
740.0333333333253, 361.7087011235799
740.0666666666586, 358.2469294339908
740.099999999992, 355.45123012694336
740.1333333333253, 353.07523003127926
740.1666666666586, 350.8725559758397
740.1999999999919, 348.61835874713535
740.2333333333252, 346.18095563678787
740.2666666666585, 343.45386602662614
740.2999999999918, 340.33060972255106
740.3333333333251, 336.7047065304633
740.3666666666584, 332.4736386269716
740.3999999999917, 327.70980234335167
740.433333333325, 322.72568804956904
740.4666666666583, 317.8511958076257
740.4999999999916, 313.4162256795241
740.5333333333249, 309.7506777272664
740.5666666666582, 307.13037591157837
740.5999999999915, 305.41184033559836
740.6333333333248, 304.2556845566481
740.6666666666581, 303.32141371688147
740.6999999999914, 302.2685329584524
740.7333333333247, 300.75778767549394
740.766666666658, 298.74247791300667
740.7999999999913, 296.84381550751647
740.8333333333246, 295.7757861582547
740.8666666666579, 296.25237556445256
740.8999999999912, 298.9875694253412
740.9333333333245, 304.6214049544397
740.9666666666578, 312.6836361587546
740.9999999999911, 321.847373848013
741.0333333333244, 330.763580355782
741.0666666666577, 338.0832180156291
741.099999999991, 342.45724929792857
741.1333333333243, 342.92623112877254
741.1666666666576, 340.05623426759047
741.199999999991, 334.7866644739963
741.2333333333243, 328.0569275076041
741.2666666666576, 320.80642912802796
741.2999999999909, 313.9620943858647
741.3333333333242, 308.00785680357484
741.3666666666575, 302.8754746158053
741.3999999999908, 298.46205579560103
741.4333333333241, 294.6647083160071
741.4666666666574, 291.3805401500685
741.4999999999907, 288.51748385943733
741.533333333324, 286.0573549119863
741.5666666666573, 284.0128323316472
741.5999999999906, 282.39669850706713
741.6333333333239, 281.221735826893
741.6666666666572, 280.5002438653861
741.6999999999905, 280.17628900753306
741.7333333333238, 280.0557826227565
741.7666666666571, 279.9279470173535
741.7999999999904, 279.58200449762154
741.8333333333237, 278.80717736985747
741.866666666657, 277.4152434163482
741.8999999999903, 275.5014778773923
741.9333333333236, 273.3547022972537
741.9666666666569, 271.2674778065355
741.9999999999902, 269.53236553584065
742.0333333333235, 268.44191912806895
742.0666666666568, 268.240061153145
742.0999999999901, 269.00648517760277
742.1333333333234, 270.78625233176905
742.1666666666567, 273.6244237459707
742.19999999999, 277.5660605505347
742.2333333333233, 282.6431161663467
742.2666666666566, 288.5362385030738
742.29999999999, 294.5446325529117
742.3333333333233, 299.94835531482585
742.3666666666566, 304.02746378778176
742.3999999999899, 306.0620149707449
742.4333333333232, 305.4926224201802
742.4666666666565, 302.6805044794732
742.4999999999898, 298.31440556171424
742.5333333333231, 293.08346641028555
742.5666666666564, 287.67682776856924
742.5999999999897, 282.7802652805129
742.633333333323, 278.806257919778
742.6666666666563, 275.6965512539796
742.6999999999896, 273.3463406406075
742.7333333333229, 271.6508214371516
742.7666666666562, 270.5051890011018
742.7999999999895, 269.8040668239479
742.8333333333228, 269.43633385817094
742.8666666666561, 269.28755116189456
742.8999999999894, 269.24323958525406
742.9333333333227, 269.18891997838494
742.966666666656, 269.01016944138576
742.9999999999893, 268.6358397030852
743.0333333333226, 268.1152906630269
743.0666666666559, 267.5186928372868
743.0999999999892, 266.91621674194084
743.1333333333225, 266.378032893065
743.1666666666558, 265.9761998872668
743.1999999999891, 265.8194414185152
743.2333333333224, 266.04974249314483
743.2666666666557, 266.81029341461175
743.299999999989, 268.2442844863719
743.3333333333223, 270.4949060118815
743.3666666666556, 273.67086656244885
743.399999999989, 277.72205558545954
743.4333333333223, 282.5526669966843
743.4666666666556, 288.066890588382
743.4999999999889, 294.1689161528114
743.5333333333222, 300.7594854911078
743.5666666666555, 307.57748004011836
743.5999999999888, 314.13383931900313
743.6333333333221, 319.92235102862696
743.6666666666554, 324.43680286985455
743.6999999999887, 327.1709825435509
743.733333333322, 327.7116635351463
743.7666666666553, 326.36364156055197
743.7999999999886, 323.7659917481898
743.8333333333219, 320.55965221653815
743.8666666666552, 317.3855610840755
743.8999999999885, 314.88414164482793
743.9333333333218, 313.5921172001962
743.9666666666551, 313.8174601196651
743.9999999999884, 315.83759290742137
744.0333333333217, 319.92993806765156
744.066666666655, 326.3719181045424
744.0999999999883, 335.367968206651
744.1333333333216, 346.12157847754446
744.1666666666549, 357.1098246877389
744.1999999999882, 366.7934764393117
744.2333333333215, 373.63330333433964
744.2666666666548, 376.09011530580636
744.2999999999881, 373.27069696557294
744.3333333333214, 366.56510943715006
744.3666666666547, 357.8676430733973
744.399999999988, 349.07258822717415
744.4333333333213, 342.0742352513402
744.4666666666546, 338.7052714343133
744.499999999988, 339.08303644428815
744.5333333333213, 341.4252311902877
744.5666666666546, 343.85097492324286
744.5999999999879, 344.4793868940844
744.6333333333212, 341.42958635374305
744.6666666666545, 333.2306819955885
744.6999999999878, 320.76117700220067
744.7333333333211, 305.7349488923536
744.7666666666544, 289.86688156631743
744.7999999999877, 274.87185892436236
744.833333333321, 262.45382261674837
744.8666666666543, 253.48381798079907
744.8999999999876, 247.42876530222648
744.9333333333209, 243.6205351623421
744.9666666666542, 241.39099814245716
744.9999999999875, 240.07202482388303
745.0333333333208, 239.03338666569414
745.0666666666541, 238.00552840547678
745.0999999999874, 236.91851840921007
745.1333333333207, 235.7045386646944
745.166666666654, 234.29577115973012
745.1999999999873, 232.62451358064644
745.2333333333206, 230.67881318781008
745.2666666666539, 228.59179770084202
745.2999999999872, 226.51989386542132
745.3333333333205, 224.61952842722712
745.3666666666538, 223.04712813193845
745.3999999999871, 221.9516480722051
745.4333333333204, 221.35504786377237
745.4666666666537, 221.17311891946395
745.499999999987, 221.3183883963564
745.5333333333203, 221.7033834515262
745.5666666666536, 222.24063124204991
745.599999999987, 222.84803228099986
745.6333333333203, 223.46549930188735
745.6666666666536, 224.03858090776072
745.6999999999869, 224.51282570443377
745.7333333333202, 224.8337822977202
745.7666666666535, 224.9487052255845
745.7999999999868, 224.86524281190475
745.8333333333201, 224.66623208397417
745.8666666666534, 224.43921959005385
745.8999999999867, 224.2717518784049
745.93333333332, 224.2513754972883
745.9666666666533, 224.45117331083233
745.9999999999866, 224.8503449358658
746.0333333333199, 225.39061319457096
746.0666666666532, 226.01360305738856
746.0999999999865, 226.66093949475925
746.1333333333198, 227.2740891084461
746.1666666666531, 227.77813488980777
746.1999999999864, 228.06773529967919
746.2333333333197, 228.0342403281779
746.266666666653, 227.5689999654213
746.2999999999863, 226.56336420152695
746.3333333333196, 224.94130561143876
746.3666666666529, 222.9726362131906
746.3999999999862, 221.13539166249097
746.4333333333195, 219.9104661222506
746.4666666666528, 219.77875375538
746.4999999999861, 221.22109721024245
746.5333333333194, 224.6758693225517
746.5666666666527, 230.4621061232088
746.599999999986, 238.87803766531832
746.6333333333193, 250.2218940019847
746.6666666666526, 264.7919051863126
746.699999999986, 282.8122582928089
746.7333333333193, 303.12561332142815
746.7666666666526, 323.35111742039
746.7999999999859, 341.0656238346087
746.8333333333192, 353.8459858089989
746.8666666666525, 359.2690565884746
746.8999999999858, 355.6804911185208
746.9333333333191, 344.7452405622558
746.9666666666524, 329.023869379139
746.9999999999857, 311.07695572163857
747.033333333319, 293.4650777422221
747.0666666666523, 278.71483954135437
747.0999999999856, 268.0568579037234
747.1333333333189, 261.0523984385915
747.1666666666522, 257.15257646053385
747.1999999999855, 255.80850728412582
747.2333333333188, 256.4713062239428
747.2666666666521, 258.52816286429027
747.2999999999854, 260.94021571593646
747.3333333333187, 262.49440248839994
747.366666666652, 261.9771405724578
747.3999999999853, 258.17484735888706
747.4333333333186, 249.8950760722454
747.4666666666519, 238.21229122757347
747.4999999999852, 228.45543367472683
747.5333333333185, 226.42218892365494
747.5666666666518, 237.91024248430722
747.5999999999851, 268.7172798666332
747.6333333333184, 323.6914786340919
747.6666666666517, 397.6387546510568
747.699999999985, 479.32963012984214
747.7333333333183, 557.4522082634456
747.7666666666516, 620.6945922448651
747.799999999985, 657.7510662637361
747.8333333333183, 661.857619711281
747.8666666666516, 638.8205527830634
747.8999999999849, 596.6028823006372
747.9333333333182, 543.1676250855562
747.9666666666515, 486.47779795937356
747.9999999999848, 434.2552099570696
748.0333333333181, 389.9050008584904
748.0666666666514, 353.1056850345222
748.0999999999847, 323.4133775929626
748.133333333318, 300.3841936416092
748.1666666666513, 283.57424828825947
748.1999999999846, 272.44551463934005
748.2333333333179, 266.0705943094215
748.2666666666512, 263.4214370842534
748.2999999999845, 263.469992614832
748.3333333333178, 265.1882105521536
748.3666666666511, 267.5604223045256
748.3999999999844, 269.9950095147617
748.4333333333177, 272.4201843178811
748.466666666651, 274.79594605089153
748.4999999999843, 277.0822940508009
748.5333333333176, 279.23922765461714
748.5666666666509, 281.23032263091136
748.5999999999842, 283.04130892356096
748.6333333333175, 284.66638867055786
748.6666666666508, 286.09978106280096
748.6999999999841, 287.335705291189
748.7333333333174, 288.36969186373443
748.7666666666507, 289.3070302794502
748.799999999984, 290.4439222704935
748.8333333333173, 292.0956873185646
748.8666666666506, 294.57764490536357
748.899999999984, 298.20511451259046
748.9333333333173, 303.2342133525223
748.9666666666506, 309.36161815622745
748.9999999999839, 315.9760972539582
749.0333333333172, 322.46321796333575
749.0666666666505, 328.2085476019815
749.0999999999838, 332.5991777430017
749.1333333333171, 335.58372192459143
749.1666666666504, 338.5079314857897
749.1999999999837, 342.9311990964633
749.233333333317, 350.4129174264789
749.2666666666503, 362.5124791457035
749.2999999999836, 380.6377209790331
749.3333333333169, 403.90980123625894
749.3666666666502, 429.6798448410224
749.3999999999835, 455.2528789196299
749.4333333333168, 477.9339305983875
749.4666666666501, 495.0280580222972
749.4999999999834, 504.640949793822
749.5333333333167, 507.7618394723082
749.56666666665, 506.02890357716194
749.5999999999833, 501.08031862778887
749.6333333333166, 494.5542611435949
749.6666666666499, 488.1171234973462
749.6999999999832, 484.17535697510425
749.7333333333165, 485.92992297475195
749.7666666666498, 496.6209061975072
749.7999999999831, 519.4883913445883
749.8333333333164, 557.7724631172132
749.8666666666497, 612.8611227975083
749.899999999983, 676.461231327037
749.9333333333163, 737.126906146221
749.9666666666496, 783.4105512830656
749.999999999983, 803.8645707655771
750.0333333333162, 787.7897405760114
750.0666666666496, 764.3608986351169
750.0999999999829, 821.8277686742102
750.1333333333162, 1053.2155916529837
750.1666666666495, 1551.5496085311302
750.1999999999828, 2409.8550602683426
750.2333333333161, 3695.1077872433816
750.2666666666494, 5275.464610371611
750.2999999999827, 6927.445706705065
750.333333333316, 8427.082041674206
750.3666666666493, 9550.404580709488
750.3999999999826, 10074.28004044053
750.4333333333159, 9899.532938033242
750.4666666666492, 9181.109314300966
750.4999999999825, 8105.110000976834
750.5333333333158, 6857.635829793978
750.5666666666491, 5624.787632485537
750.5999999999824, 4581.3282185879425
750.6333333333157, 3772.461439940703
750.666666666649, 3160.858789267298
750.6999999999823, 2707.862810522879
750.7333333333156, 2374.8160476625976
750.7666666666489, 2123.068697647166
750.7999999999822, 1921.2364961844391
750.8333333333155, 1758.714119512278
750.8666666666488, 1628.58710081402
750.8999999999821, 1523.9409732730032
750.9333333333154, 1437.8612700725646
750.9666666666487, 1363.9794691909365
750.999999999982, 1305.733144658281
751.0333333333153, 1275.044704520091
751.0666666666486, 1284.116512968554
751.099999999982, 1345.1509341958572
751.1333333333152, 1470.3503323941882
751.1666666666486, 1678.1485651069636
751.1999999999819, 2012.0243719286213
751.2333333333152, 2521.747581802827
751.2666666666485, 3257.0880236982443
751.2999999999818, 4267.815526583536
751.3333333333151, 5599.789770845251
751.3666666666484, 7178.768178520878
751.3999999999817, 8790.785422154087
751.433333333315, 10214.01374031926
751.4666666666483, 11226.625371590779
751.4999999999816, 11606.79255454302
751.5333333333149, 11186.259060719183
751.5666666666482, 10098.888575208424
751.5999999999815, 8584.35674421076
751.6333333333148, 6882.452175026444
751.6666666666481, 5232.963474955718
751.6999999999814, 3873.704351405108
751.7333333333147, 2922.2284874000147
751.766666666648, 2308.663906136464
751.7999999999813, 1946.8958771717967
751.8333333333146, 1750.8096700633537
751.8666666666479, 1634.290554368476
751.8999999999812, 1518.7195118608097
751.9333333333145, 1385.1804241156794
751.9666666666478, 1243.298726311826
751.9999999999811, 1102.877416079109
752.0333333333144, 973.7194910473892
752.0666666666477, 865.6000644805753
752.099999999981, 783.8127864798955
752.1333333333143, 724.2773916569514
752.1666666666476, 681.736770411153
752.199999999981, 650.9338131419105
752.2333333333142, 626.6114102486339
752.2666666666476, 603.8028421584388
752.2999999999809, 580.8762430855013
752.3333333333142, 558.3319886624837
752.3666666666475, 536.7051357556621
752.3999999999808, 516.5307412313126
752.4333333333141, 498.3436274936608
752.4666666666474, 482.4782763815371
752.4999999999807, 468.7036521158949
752.533333333314, 456.68964534543915
752.5666666666473, 446.1061467188747
752.5999999999806, 436.62304688490644
752.6333333333139, 427.916992205733
752.6666666666472, 419.7807885082132
752.6999999999805, 412.1050581807741
752.7333333333138, 404.783476740539
752.7666666666471, 397.709719704631
752.7999999999804, 390.7774627257674
752.8333333333137, 383.92529157789795
752.866666666647, 377.2637024355534
752.8999999999803, 370.9443190204589
752.9333333333136, 365.1187650543406
752.9666666666469, 359.93866425892384
752.9999999999802, 355.5461298784854
753.0333333333135, 351.82283320546816
753.0666666666468, 348.3644859523839
753.0999999999801, 344.75217184712824
753.1333333333134, 340.56697461759666
753.1666666666467, 335.3899779916849
753.19999999998, 328.9182608973986
753.2333333333133, 321.44946413875925
753.2666666666466, 313.47500712978115
753.29999999998, 305.4864046091012
753.3333333333132, 297.9751713153565
753.3666666666466, 291.42709496558757
753.3999999999799, 286.05166188960175
753.4333333333132, 281.6648763236647
753.4666666666465, 278.0526571748274
753.4999999999798, 275.000923350141
753.5333333333131, 272.29559375665644
753.5666666666464, 269.7442523879007
753.5999999999797, 267.3063053084399
753.633333333313, 265.0060896260125
753.6666666666463, 262.868187578464
753.6999999999796, 260.9171814036397
753.7333333333129, 259.17726478900613
753.7666666666462, 257.6333204715449
753.7999999999795, 256.1977114998819
753.8333333333128, 254.7749793785493
753.8666666666461, 253.26966561207922
753.8999999999794, 251.58631170500374
753.9333333333127, 249.64311683780738
753.966666666646, 247.4891301755208
753.9999999999793, 245.24621282027434
754.0333333333126, 243.03701036140131
754.0666666666459, 240.98416838823516
754.0999999999792, 239.21008606377706
754.1333333333125, 237.76359037183127
754.1666666666458, 236.51739076487908
754.1999999999791, 235.31839430513378
754.2333333333124, 234.0135080548087
754.2666666666457, 232.44963907611714
754.299999999979, 230.493680094662
754.3333333333123, 228.27960933623632
754.3666666666456, 226.1317979413591
754.399999999979, 224.37871119298032
754.4333333333122, 223.34881437404982
754.4666666666456, 223.3704854289099
754.4999999999789, 224.58403898943274
754.5333333333122, 226.5439118996097
754.5666666666455, 228.6907751919722
754.5999999999788, 230.46529989905173
754.6333333333121, 231.3081570533796
754.6666666666454, 230.68899482739425
754.6999999999787, 228.63537131663475
754.733333333312, 225.67837537126715
754.7666666666453, 222.36716127873575
754.7999999999786, 219.2508833264848
754.8333333333119, 216.87869580195851
754.8666666666452, 215.6464881408836
754.8999999999785, 215.32849613227938
754.9333333333118, 215.54136355939178
754.9666666666451, 215.90173418993743
754.9999999999784, 216.02625179163283
755.0333333333117, 215.54178517908113
755.066666666645, 214.3731393915271
755.0999999999783, 212.78275592486338
755.1333333333116, 211.05128033598646
755.1666666666449, 209.45935818179294
755.1999999999782, 208.2876350191793
755.2333333333115, 207.75844361245504
755.2666666666448, 207.78767472590027
755.2999999999781, 208.1909077532607
755.3333333333114, 208.78366454683365
755.3666666666447, 209.38146695891672
755.399999999978, 209.80187948752715
755.4333333333113, 209.95954800242018
755.4666666666446, 209.90652951255643
755.499999999978, 209.70529607546567
755.5333333333112, 209.4183197486776
755.5666666666446, 209.10807258972184
755.5999999999779, 208.83270599711432
755.6333333333112, 208.62099253422517
755.6666666666445, 208.48947387808437
755.6999999999778, 208.45465146708386
755.7333333333111, 208.5330267396156
755.7666666666444, 208.74098881132085
755.7999999999777, 209.08512464130374
755.833333333311, 209.5547424184237
755.8666666666443, 210.1373903368402
755.8999999999776, 210.82061659071263
755.9333333333109, 211.5919693742004
755.9666666666442, 212.43754180682248
755.9999999999775, 213.33057154940875
756.0333333333108, 214.23759525998773
756.0666666666441, 215.12509172793744
756.0999999999774, 215.95953974263583
756.1333333333107, 216.70750824169434
756.166666666644, 217.35325436711858
756.1999999999773, 217.9198229436638
756.2333333333106, 218.43540367359788
756.2666666666439, 218.92818625918872
756.2999999999772, 219.4263604027041
756.3333333333105, 219.9568118412363
756.3666666666438, 220.53131320295236
756.3999999999771, 221.15190827842545
756.4333333333104, 221.82047967661518
756.4666666666437, 222.53891000648144
756.499999999977, 223.30912422684548
756.5333333333103, 224.16099717198009
756.5666666666436, 225.20063094053526
756.599999999977, 226.54700246977723
756.6333333333102, 228.319088696972
756.6666666666436, 230.63586655938576
756.6999999999769, 233.5978136883571
756.7333333333102, 237.0197468319714
756.7666666666435, 240.49196092142668
756.7999999999768, 243.5987021490015
756.8333333333101, 245.9242167069745
756.8666666666434, 247.05277437840653
756.8999999999767, 246.73183331599932
756.93333333331, 245.2619832695021
756.9666666666433, 243.06089558363004
756.9999999999766, 240.54624160309805
757.0333333333099, 238.13569267262116
757.0666666666432, 236.23777474434883
757.0999999999765, 235.0685909647551
757.1333333333098, 234.66128078460915
757.1666666666431, 235.04173159111625
757.1999999999764, 236.23583077148163
757.2333333333097, 238.26946571291046
757.266666666643, 241.1057270957749
757.2999999999763, 244.44410271871934
757.3333333333096, 247.91492374070708
757.3666666666429, 251.1485210466061
757.3999999999762, 253.77522552128457
757.4333333333095, 255.43741169384015
757.4666666666428, 256.13373375851177
757.4999999999761, 256.26967624800113
757.5333333333094, 256.2729332993391
757.5666666666427, 256.5711990495566
757.599999999976, 257.5921676356842
757.6333333333093, 259.6698918421509
757.6666666666426, 262.6546832056963
757.699999999976, 266.2411064644988
757.7333333333092, 270.1236515531047
757.7666666666425, 273.9968084060605
757.7999999999759, 277.56154953290013
757.8333333333092, 280.80046352338377
757.8666666666425, 284.08008139854303
757.8999999999758, 287.79450032670644
757.9333333333091, 292.3378174762027
757.9666666666424, 298.1041300153605
757.9999999999757, 305.4196512910043
758.033333333309, 314.18076938435297
758.0666666666423, 324.11614554628335
758.0999999999756, 334.95405816437216
758.1333333333089, 346.42278562619634
758.1666666666422, 358.25730308695347
758.1999999999755, 370.64677235857954
758.2333333333088, 384.516239071394
758.2666666666421, 400.85793100177125
758.2999999999754, 420.6640759260858
758.3333333333087, 444.9269016207122
758.366666666642, 474.50309902019376
758.3999999999753, 509.19909172795906
758.4333333333086, 548.3308714841593
758.4666666666419, 591.2116617248299
758.4999999999752, 637.1546858860062
758.5333333333085, 685.4642515096259
758.5666666666418, 734.4128268617026
758.5999999999751, 780.2936809446464
758.6333333333084, 819.176106842481
758.6666666666417, 847.1293976392307
758.699999999975, 860.2228464189187
758.7333333333083, 855.0167808042762
758.7666666666416, 832.7309511300463
758.799999999975, 797.1581021857671
758.8333333333082, 752.1180195396062
758.8666666666415, 701.4304887597303
758.8999999999749, 648.9117208269323
758.9333333333082, 597.5687263001186
758.9666666666415, 548.5771693416282
758.9999999999748, 502.8608544505911
759.0333333333081, 461.34358612613704
759.0666666666414, 424.94916886739554
759.0999999999747, 394.51152285902657
759.133333333308, 369.8175238736327
759.1666666666413, 349.97751796876105
759.1999999999746, 334.09052991860864
759.2333333333079, 321.25558449737184
759.2666666666412, 310.57198682788203
759.2999999999745, 301.29530252168956
759.3333333333078, 293.0969649502081
759.3666666666411, 285.71683002064856
759.3999999999744, 278.8947536402218
759.4333333333077, 272.37059171613856
759.466666666641, 265.90151706912695
759.4999999999743, 259.4933935423119
759.5333333333076, 253.33833403572817
759.5666666666409, 247.63295179630455
759.5999999999742, 242.57386007096943
759.6333333333075, 238.35763518184305
759.6666666666408, 235.10059813787964
759.6999999999741, 232.66884098268596
759.7333333333074, 230.87982463070125
759.7666666666407, 229.55100999636497
759.799999999974, 228.4998579941164
759.8333333333073, 227.5498627124204
759.8666666666406, 226.63197292004523
759.8999999999739, 225.76963040292478
759.9333333333072, 224.98929668489578
759.9666666666405, 224.3174332897952
759.9999999999739, 223.78050121299714
760.0333333333072, 223.38707402782367
760.0666666666405, 223.08069813884939
760.0999999999738, 222.79014759362929
760.1333333333071, 222.44419643971838
760.1666666666404, 221.97161872467177
760.1999999999737, 221.3058778170607
760.233333333307, 220.4848096095779
760.2666666666403, 219.64872403481044
760.2999999999736, 218.9422406094057
760.3333333333069, 218.50997885001127
760.3666666666402, 218.4965582732745
760.3999999999735, 218.9913864409592
760.4333333333068, 219.85135023581208
760.4666666666401, 220.87213555152294
760.4999999999734, 221.849427987637
760.5333333333067, 222.57891314369937
760.56666666664, 222.86194780213998
760.5999999999733, 222.6591041087124
760.6333333333066, 222.10801665076926
760.6666666666399, 221.3555732494556
760.6999999999732, 220.54866172591653
760.7333333333065, 219.83416990129695
760.7666666666398, 219.3345431224083
760.7999999999731, 219.05385487372098
760.8333333333064, 218.96039395137004
760.8666666666397, 219.0224414972135
760.899999999973, 219.20827865310926
760.9333333333063, 219.48846384134706
760.9666666666396, 219.91509128416067
760.9999999999729, 220.6422960225574
761.0333333333062, 221.83065618577297
761.0666666666395, 223.64074990304294
761.0999999999729, 226.23315530360304
761.1333333333062, 229.70818311347855
761.1666666666395, 233.83274431990324
761.1999999999728, 238.25910216566987
761.2333333333061, 242.63941500064792
761.2666666666394, 246.62584117470658
761.2999999999727, 249.87656393745394
761.333333333306, 252.3284135615507
761.3666666666393, 254.30822395705522
761.3999999999726, 256.17191744143685
761.4333333333059, 258.2754163321651
761.4666666666392, 260.97464294670897
761.4999999999725, 264.56189043444977
761.5333333333058, 268.9298095228519
761.5666666666391, 273.81625661090135
761.5999999999724, 278.95875049508686
761.6333333333057, 284.094809971897
761.666666666639, 288.9655249486276
761.6999999999723, 293.5284652223251
761.7333333333056, 298.0780232582608
761.7666666666389, 302.9377154987984
761.7999999999722, 308.4310583863012
761.8333333333055, 314.8815683631327
761.8666666666388, 322.54882808752626
761.8999999999721, 331.23913407304104
761.9333333333054, 340.56290474893996
761.9666666666387, 350.1297804142687
761.999999999972, 359.54940136807346
762.0333333333053, 368.43540230337265
762.0666666666386, 376.72404706646614
762.0999999999719, 384.90630744850455
762.1333333333052, 393.52788298379073
762.1666666666385, 403.13447320662755
762.1999999999719, 414.2717776513178
762.2333333333052, 427.38052166984886
762.2666666666385, 442.06602426225436
762.2999999999718, 457.5345173981121
762.3333333333051, 472.98975749089556
762.3666666666384, 487.63550095407805
762.3999999999717, 500.68082100274546
762.433333333305, 511.9174936947129
762.4666666666383, 522.2377634002017
762.4999999999716, 532.6560594427065
762.5333333333049, 544.186811145722
762.5666666666382, 557.8444478327428
762.5999999999715, 574.5406132438549
762.6333333333048, 594.2740062783903
762.6666666666381, 616.5653719316632
762.6999999999714, 640.93126371848
762.7333333333047, 666.888235153647
762.766666666638, 693.9637975758208
762.7999999999713, 723.3476922472101
762.8333333333046, 759.656827662963
762.8666666666379, 807.9311242311658
762.8999999999712, 873.2105023599046
762.9333333333045, 960.5348824572659
762.9666666666378, 1073.8730377614502
762.9999999999711, 1206.6378476490625
763.0333333333044, 1346.2360410500592
763.0666666666377, 1480.0048749685197
763.099999999971, 1595.2816064085225
763.1333333333043, 1679.6814529466546
763.1666666666376, 1780.432832951343
763.1999999999709, 2078.1073474199848
763.2333333333042, 2771.371344361669
763.2666666666375, 4058.8911717854808
763.2999999999709, 6139.333177700512
763.3333333333042, 9173.28915615135
763.3666666666375, 12907.62969011479
763.3999999999708, 16835.417871429087
763.4333333333041, 20446.038474496552
763.4666666666374, 23228.8762737195
763.4999999999707, 24674.093280855126
763.533333333304, 24512.780377543848
763.5666666666373, 23056.900987841524
763.5999999999706, 20704.20017218519
763.6333333333039, 17852.422991011856
763.6666666666372, 14899.31450475856
763.6999999999705, 12221.868656293313
763.7333333333038, 9950.108747416127
763.7666666666371, 8051.954107877277
763.7999999999704, 6492.495204621601
763.8333333333037, 5236.822504593938
763.866666666637, 4250.023358692961
763.8999999999703, 3495.7580343501836
763.9333333333036, 2934.003097219032
763.9666666666369, 2524.14873094501
763.9999999999702, 2225.5851191736206
764.0333333333035, 1997.702445550367
764.0666666666368, 1801.7016323971377
764.0999999999701, 1622.2187023423335
764.1333333333034, 1460.2246325426186
764.1666666666367, 1317.0228651743314
764.19999999997, 1193.916842413811
764.2333333333033, 1092.2080921417191
764.2666666666366, 1011.8763312313919
764.2999999999699, 949.2736258296612
764.3333333333032, 900.1352131320405
764.3666666666365, 860.1963303340439
764.3999999999699, 825.1922146311848
764.4333333333032, 791.0661485382291
764.4666666666365, 756.6667582223364
764.4999999999698, 722.97755691095
764.5333333333031, 691.0314107737896
764.5666666666364, 661.861185980575
764.5999999999697, 636.4992781225303
764.633333333303, 615.4802346057309
764.6666666666363, 597.8963032435329
764.6999999999696, 582.5800444640298
764.7333333333029, 568.3640186953141
764.7666666666362, 554.080786365479
764.7999999999695, 538.6282078604701
764.8333333333028, 521.8798768009216
764.8666666666361, 504.4598195441453
764.8999999999694, 487.01132644877777
764.9333333333027, 470.17768787345574
764.966666666636, 454.60207321114876
764.9999999999693, 440.72997720025785
765.0333333333026, 428.4068174194078
765.0666666666359, 417.3645677366951
765.0999999999692, 407.3352020202165
765.1333333333025, 398.0506941380685
765.1666666666358, 389.25017815289243
765.1999999999691, 380.78623614111103
765.2333333333024, 372.6021269494052
765.2666666666357, 364.6436435885758
765.299999999969, 356.85657906942356
765.3333333333023, 349.1867441767628
765.3666666666356, 341.62457411694
765.3999999999689, 334.3013838357772
765.4333333333022, 327.37622131249566
765.4666666666355, 321.00813452631667
765.4999999999688, 315.35617145646154
765.5333333333022, 310.56601592757255
765.5666666666355, 306.56098107407456
765.5999999999688, 303.08096430299076
765.6333333333021, 299.8603805588505
765.6666666666354, 296.6336447861835
765.6999999999687, 293.13520859460414
765.733333333302, 289.23733400846896
765.7666666666353, 285.2612787862643
765.7999999999686, 281.6195889557588
765.8333333333019, 278.72481054472087
765.8666666666352, 276.9894895809191
765.8999999999685, 276.78578108112634
765.9333333333018, 277.7872005429161
765.9666666666351, 279.0767489149492
765.9999999999684, 279.7188529591382
766.0333333333017, 278.7779394373958
766.066666666635, 275.31856007027415
766.0999999999683, 269.07133014444946
766.1333333333016, 261.9890555732577
766.1666666666349, 256.487412326674
766.1999999999682, 254.98207637467365
766.2333333333015, 259.8887236872318
766.2666666666348, 273.42767231378866
766.2999999999681, 294.3439179039944
766.3333333333014, 318.393221528829
766.3666666666347, 341.2338962651698
766.399999999968, 358.5242551898946
766.4333333333013, 365.9228372319712
766.4666666666346, 360.65193895568177
766.4999999999679, 345.2345391401409
766.5333333333012, 323.3156746133834
766.5666666666345, 298.5403822034438
766.5999999999678, 274.55369873835707
766.6333333333012, 254.86992903174146
766.6666666666345, 240.6377406438292
766.6999999999678, 230.94955435303874
766.7333333333011, 224.8293183542117
766.7666666666344, 221.30098084218955
766.7999999999677, 219.38850920994727
766.833333333301, 218.2690191889737
766.8666666666343, 217.64291799091632
766.8999999999676, 217.32228481843646
766.9333333333009, 217.11919887419577
766.9666666666342, 216.84573936085576
766.9999999999675, 216.32062636361903
767.0333333333008, 215.483445188123
767.0666666666341, 214.37921199023708
767.0999999999674, 213.05647886133704
767.1333333333007, 211.5637978927985
767.166666666634, 209.94971991963106
767.1999999999673, 208.25276009591994
767.2333333333006, 206.4771402231331
767.2666666666339, 204.61976325546266
767.2999999999672, 202.6775321471008
767.3333333333005, 200.64734985223959
767.3666666666338, 198.5286107654333
767.3999999999671, 196.36580205577778
767.4333333333004, 194.2426112001496
767.4666666666337, 192.24403137295747
767.499999999967, 190.45505574860994
767.5333333333003, 188.96067373647236
767.5666666666336, 187.81970899366425
767.5999999999669, 187.00227180155807
767.6333333333002, 186.4596893285306
767.6666666666335, 186.14328874295884
767.6999999999668, 186.00439721321962
767.7333333333002, 185.99343850113962
767.7666666666335, 186.04475873107924
767.7999999999668, 186.07887169831935
767.8333333333001, 186.01584004081266
767.8666666666334, 185.77572639651186
767.8999999999667, 185.27860142955305
767.9333333333, 184.48755133377225
767.9666666666333, 183.50922494057392
767.9999999999666, 182.4801849310673
768.0333333332999, 181.53699398636132
768.0666666666332, 180.81621478756512
768.0999999999665, 180.4464366145943
768.1333333332998, 180.41825460041827
768.1666666666331, 180.60558461285464
768.1999999999664, 180.87866974963586
768.2333333332997, 181.10775310849442
768.266666666633, 181.16309246783803
768.2999999999663, 180.9704762888628
768.3333333332996, 180.63669886839412
768.3666666666329, 180.30537325189889
768.3999999999662, 180.12011248484396
768.4333333332995, 180.22452961269616
768.4666666666328, 180.75253929052252
768.4999999999661, 181.67656743223748
768.5333333332994, 182.83578106606143
768.5666666666327, 184.0653602226367
768.599999999966, 185.20048493260555
768.6333333332993, 186.07636478706857
768.6666666666326, 186.60290915369464
768.6999999999659, 186.9259840427446
768.7333333332992, 187.2379310281808
768.7666666666325, 187.73109168396553
768.7999999999658, 188.59780758406103
768.8333333332992, 190.01828360630097
768.8666666666325, 191.98027502115542
768.8999999999658, 194.31763672523144
768.9333333332991, 196.85991772579132
768.9666666666324, 199.4366670300974
768.9999999999657, 201.87745202903605
769.033333333299, 204.04206430984902
769.0666666666323, 205.88210144864468
769.0999999999656, 207.3665275963542
769.1333333332989, 208.46430690390844
769.1666666666322, 209.1444035222386
769.1999999999655, 209.38311576494797
769.2333333332988, 209.26642203521067
769.2666666666321, 208.9647016446159
769.2999999999654, 208.65050319696695
769.3333333332987, 208.49637529606738
769.366666666632, 208.67482747866282
769.3999999999653, 209.31682058550606
769.4333333332986, 210.43287235959684
769.4666666666319, 212.01180070823216
769.4999999999652, 214.04242353870902
769.5333333332985, 216.51355875832445
769.5666666666318, 219.42509251180326
769.5999999999651, 222.93160218125388
769.6333333332984, 227.30139662963012
769.6666666666317, 232.805417270658
769.699999999965, 239.7146055180635
769.7333333332983, 248.2992674700373
769.7666666666316, 258.38917427460535
769.7999999999649, 268.6043678531592
769.8333333332982, 277.35906627233516
769.8666666666315, 283.0674875987694
769.8999999999648, 284.143849899098
769.9333333332982, 279.16011253709615
769.9666666666315, 268.731218718711
769.9999999999648, 254.8968445990158
770.0333333332981, 239.72569988823167
770.0666666666314, 225.28649429657952
770.0999999999647, 213.64630488456933
770.133333333298, 206.1221962652852
770.1666666666313, 202.09428287458636
770.1999999999646, 200.6341841847332
770.2333333332979, 200.81351966798618
770.2666666666312, 201.7039087966057
770.2999999999645, 202.42992512228864
770.3333333332978, 202.7467269360105
770.3666666666311, 202.8235359772087
770.3999999999644, 202.8368074777135
770.4333333332977, 202.96299666935525
770.466666666631, 203.37834438170228
770.4999999999643, 204.19250635425712
770.5333333332976, 205.35454689766308
770.5666666666309, 206.78980531131594
770.5999999999642, 208.4236208946117
770.6333333332975, 210.1813329469463
770.6666666666308, 211.99587416376093
770.6999999999641, 213.8827146804072
770.7333333332974, 215.90797177726222
770.7666666666307, 218.1384972595197
770.799999999964, 220.6411429323733
770.8333333332973, 223.4826546046724
770.8666666666306, 226.70702983682267
770.8999999999639, 230.30737511975937
770.9333333332972, 234.26988980972408
770.9666666666305, 238.58077326295827
770.9999999999638, 243.22622483570348
771.0333333332972, 248.18634767585468
771.0666666666305, 253.38116645994774
771.0999999999638, 258.69652126988177
771.1333333332971, 264.01785675162193
771.1666666666304, 269.23061755113366
771.1999999999637, 274.2209575648319
771.233333333297, 278.982569086303
771.2666666666303, 283.73083975338034
771.2999999999636, 288.70851702843987
771.3333333332969, 294.1583483738574
771.3666666666302, 300.3230812520089
771.3999999999635, 307.36269733613
771.4333333332968, 314.70229838331824
771.4666666666301, 321.38236081117714
771.4999999999634, 326.43999129594124
771.5333333332967, 328.91229651384515
771.56666666663, 327.8551419563724
771.5999999999633, 324.37705596730484
771.6333333332966, 323.4613775716423
771.6666666666299, 330.5214251503041
771.6999999999632, 350.9705170842091
771.7333333332965, 390.22197175427664
771.7666666666298, 451.7862508122874
771.7999999999631, 524.0423052911175
771.8333333332964, 588.1453203449263
771.8666666666297, 625.2057925980687
771.899999999963, 616.3342186748987
771.9333333332963, 543.050986677645
771.9666666666296, 419.8963802932652
771.9999999999629, 318.1339093545432
772.0333333332962, 314.6171961848129
772.0666666666295, 486.1998631074073
772.0999999999628, 909.7355324456609
772.1333333332962, 1647.5757784146965
772.1666666666295, 2659.3873751225356
772.1999999999628, 3860.5151347386163
772.2333333332961, 5166.128786168897
772.2666666666294, 6491.398058319336
772.2999999999627, 7751.533803030905
772.333333333296, 8864.230632196162
772.3666666666293, 9751.042436228434
772.3999999999626, 10333.85619349073
772.4333333332959, 10534.558882346066
772.4666666666292, 10275.037481157457
772.4999999999625, 9502.802648452118
772.5333333332958, 8325.995904058685
772.5666666666291, 6914.867151712641
772.5999999999624, 5439.800285631746
772.6333333332957, 4071.1792000337637
772.666666666629, 2977.28295005042
772.6999999999623, 2229.494272848569
772.7333333332956, 1763.837195575396
772.7666666666289, 1506.2679422415654
772.7999999999622, 1382.7427368577414
772.8333333332955, 1319.217803434589
772.8666666666288, 1251.3670998193911
772.8999999999621, 1168.4833366247478
772.9333333332954, 1078.2516069553287
772.9666666666287, 988.3734709584901
772.999999999962, 906.5504887815883
773.0333333332953, 840.3332065616252
773.0666666666286, 791.8954686308093
773.0999999999619, 756.6996381082281
773.1333333332952, 729.7859866488418
773.1666666666285, 706.1947859076114
773.1999999999618, 680.9663075394975
773.2333333332951, 650.1326983620763
773.2666666666285, 614.5132806374207
773.2999999999618, 576.3697374402464
773.3333333332951, 537.9640451422613
773.3666666666284, 501.55818011517323
773.3999999999617, 469.365859516492
773.433333333295, 442.25479619533866
773.4666666666283, 419.60082798682606
773.4999999999616, 400.70226251292473
773.5333333332949, 384.85740739560504
773.5666666666282, 371.36457025683745
773.5999999999615, 359.59455469871915
773.6333333332948, 349.22215182113473
773.6666666666281, 340.0018179125005
773.6999999999614, 331.68800955646
773.7333333332947, 324.03518333665676
773.766666666628, 316.80025700532354
773.7999999999613, 309.7945182372072
773.8333333332946, 302.88241017064735
773.8666666666279, 295.9305941819313
773.8999999999612, 288.80573164734636
773.9333333332945, 281.3744869928809
773.9666666666278, 273.5914663055157
773.9999999999611, 265.7292507206837
774.0333333332944, 258.1322647325544
774.0666666666277, 251.14493283529742
774.099999999961, 245.11167952308227
774.1333333332943, 240.35695669063645
774.1666666666276, 236.85249465691072
774.1999999999609, 234.26800400919947
774.2333333332942, 232.26343971991764
774.2666666666275, 230.4987567614801
774.2999999999608, 228.63395946742412
774.3333333332941, 226.4288344143806
774.3666666666275, 223.95225715988042
774.3999999999608, 221.33277063706555
774.4333333332941, 218.698917779078
774.4666666666274, 216.17924151905964
774.4999999999607, 213.89928952228473
774.533333333294, 211.94200041751787
774.5666666666273, 210.35860664086795
774.5999999999606, 209.19958581479088
774.6333333332939, 208.51541556174257
774.6666666666272, 208.35642334199753
774.6999999999605, 208.69339152983926
774.7333333332938, 209.28702501628482
774.7666666666271, 209.86374988614537
774.7999999999604, 210.14999222423197
774.8333333332937, 209.8721781153557
774.866666666627, 208.78099551022868
774.8999999999603, 206.9067801119933
774.9333333332936, 204.45915408746527
774.9666666666269, 201.65067728709977
774.9999999999602, 198.69390956135217
775.0333333332935, 195.80116264355794
775.0666666666268, 193.13085143060846
775.0999999999601, 190.7204970845455
775.1333333332934, 188.59116296866446
775.1666666666267, 186.76391244626063
775.19999999996, 185.25980888062946
775.2333333332933, 184.0940472192173
775.2666666666266, 183.22678798342997
775.2999999999599, 182.58808501182017
775.3333333332932, 182.10768536292974
775.3666666666265, 181.71533609530044
775.3999999999598, 181.3411178322758
775.4333333332931, 180.9523492285058
775.4666666666265, 180.58704890842802
775.4999999999598, 180.2911366109588
775.5333333332931, 180.1105320750145
775.5666666666264, 180.09115503951145
775.5999999999597, 180.27878269723377
775.633333333293, 180.7181020050166
775.6666666666263, 181.45329652033539
775.6999999999596, 182.52854709229211
775.7333333332929, 183.98803456998857
775.7666666666262, 185.87434682313645
775.7999999999595, 188.12552718048465
775.8333333332928, 190.51219789745016
775.8666666666261, 192.78993209800754
775.8999999999594, 194.7143029061312
775.9333333332927, 196.0408834457956
775.966666666626, 196.57720467806857
775.9999999999593, 196.45502380805206
776.0333333332926, 195.93093265678465
776.0666666666259, 195.26178534569405
776.0999999999592, 194.70443599620793
776.1333333332925, 194.5111191664529
776.1666666666258, 194.73950697985612
776.1999999999591, 195.18550532571248
776.2333333332924, 195.626587770855
776.2666666666257, 195.8402278821168
776.299999999959, 195.603899226331
776.3333333332923, 194.77085644628943
776.3666666666256, 193.57949236010367
776.3999999999589, 192.3902503103545
776.4333333332922, 191.56362251798066
776.4666666666255, 191.46010120392103
776.4999999999588, 192.42435287810997
776.5333333332921, 194.34667147396573
776.5666666666255, 196.60625222905168
776.5999999999588, 198.55507020012595
776.6333333332921, 199.54510044394684
776.6666666666254, 198.92831801727255
776.6999999999587, 196.50921334593338
776.733333333292, 193.9571245859213
776.7666666666253, 193.42171041648626
776.7999999999586, 197.05262997467233
776.8333333332919, 206.9995423975236
776.8666666666252, 225.35529423048627
776.8999999999585, 253.05205140483233
776.9333333332918, 289.9370493005246
776.9666666666251, 335.8158823544554
776.9999999999584, 390.49414500351696
777.0333333332917, 453.777255327013
777.066666666625, 524.5988084617841
777.0999999999583, 598.997841408742
777.1333333332916, 672.4134465135771
777.1666666666249, 740.2847161219803
777.1999999999582, 798.0507425796424
777.2333333332915, 841.343608709262
777.2666666666248, 868.688855774467
777.2999999999581, 880.8423590991453
777.3333333332914, 878.6175362526835
777.3666666666247, 862.8278048044696
777.399999999958, 834.287235559624
777.4333333332913, 794.1783760406332
777.4666666666246, 744.6661793712401
777.4999999999579, 688.0775438465652
777.5333333332912, 626.7393677617295
777.5666666666245, 562.9785494118531
777.5999999999578, 499.11327232556175
777.6333333332911, 437.3637054389334
777.6666666666245, 379.88831249765093
777.6999999999578, 328.84459543349647
777.7333333332911, 286.39005617825256
777.7666666666244, 254.6745689476593
777.7999999999577, 234.50191539596915
777.833333333291, 223.79584785940358
777.8666666666243, 220.10884901312414
777.8999999999576, 220.993401532292
777.9333333332909, 224.00198809206853
777.9666666666242, 226.8493043929269
777.9999999999575, 228.63929097208813
778.0333333332908, 229.18172988760665
778.0666666666241, 228.2919597733579
778.0999999999574, 225.78531926321725
778.1333333332907, 221.4810047886171
778.166666666624, 215.5081785556743
778.1999999999573, 208.5280220961862
778.2333333332906, 201.25409006001996
778.2666666666239, 194.3999370970427
778.2999999999572, 188.67911785712147
778.3333333332905, 184.69268414756618
778.3666666666238, 182.30133844425146
778.3999999999571, 181.06653354450845
778.4333333332904, 180.54888346925813
778.4666666666237, 180.3090022394216
778.499999999957, 179.91238619259843
778.5333333332903, 179.14093587817462
778.5666666666236, 178.0741077513182
778.5999999999569, 176.8129886565473
778.6333333332902, 175.45866543838017
778.6666666666235, 174.1122249413348
778.6999999999568, 172.8597049309485
778.7333333332901, 171.7107807684749
778.7666666666235, 170.65096568089083
778.7999999999568, 169.66576339425012
778.83333333329, 168.7406776346068
778.8666666666234, 167.86151154826354
778.8999999999567, 167.02226652251397
778.93333333329, 166.22594469490554
778.9666666666233, 165.4760085640229
778.9999999999566, 164.77592062845076
779.0333333332899, 164.12914338027738
779.0666666666232, 163.52667339004137
779.0999999999565, 162.91084236483155
779.1333333332898, 162.21210833026038
779.1666666666231, 161.3609293119401
779.1999999999564, 160.28776333548313
779.2333333332897, 158.93137194451947
779.266666666623, 157.3814126533462
779.2999999999563, 155.85904713398114
779.3333333332896, 154.58983919600942
779.3666666666229, 153.79935264901613
779.3999999999562, 153.71308011521032
779.4333333332895, 154.45649532584332
779.4666666666228, 155.8560774294358
779.4999999999561, 157.68267676266026
779.5333333332894, 159.70714366218914
779.5666666666227, 161.70032846469496
779.599999999956, 163.44347753189444
779.6333333332893, 164.8492696231415
779.6666666666226, 165.92048796564512
779.6999999999559, 166.6616751497317
779.7333333332892, 167.0773737657277
779.7666666666225, 167.1721053739387
779.7999999999558, 166.9453403094468
779.8333333332891, 166.38497287850544
779.8666666666225, 165.47728251318432
779.8999999999558, 164.20854864555332
779.933333333289, 162.5650507076821
779.9666666666224, 160.54549489744213
779.9999999999557, 158.26128761367326
780.033333333289, 155.88384681646383
780.0666666666223, 153.58514876091863
780.0999999999556, 151.53716970214256
780.1333333332889, 149.9105489740091
780.1666666666222, 148.7594222848261
780.1999999999555, 147.93265138572934
780.2333333332888, 147.25820111368307
780.2666666666221, 146.56403630565134
780.2999999999554, 145.67812179859828
780.3333333332887, 144.46270492388774
780.366666666622, 143.00723795708237
780.3999999999553, 141.49360018986448
780.4333333332886, 140.10393938424463
780.4666666666219, 139.02040330223326
780.4999999999552, 138.42186538506584
780.5333333332885, 138.3466728182811
780.5666666666218, 138.6425743746732
780.5999999999551, 139.143737564168
780.6333333332884, 139.6843298966914
780.6666666666217, 140.0985188821692
780.699999999955, 140.2523858916251
780.7333333332883, 140.16788246701157
780.7666666666216, 139.9144741623928
780.7999999999549, 139.56163800998553
780.8333333332882, 139.17885104200647
780.8666666666215, 138.8332864709047
780.8999999999548, 138.53499914016152
780.9333333332881, 138.2345319548372
780.9666666666214, 137.87964503342542
780.9999999999548, 137.4180984944197
781.033333333288, 136.79765365776385
781.0666666666214, 135.99564151221242
781.0999999999547, 135.09570661208923
781.133333333288, 134.20537775152093
781.1666666666213, 133.4321837246342
781.1999999999546, 132.88365332555577
781.2333333332879, 132.65975090179333
781.2666666666212, 132.74150956062763
781.2999999999545, 133.0153788559989
781.3333333332878, 133.36519366669512
781.3666666666211, 133.67478887150423
781.3999999999544, 133.82807083657616
781.4333333332877, 133.74703872300518
781.466666666621, 133.454384733648
781.4999999999543, 132.98924731445476
781.5333333332876, 132.3907649113756
781.5666666666209, 131.6980759703608
781.5999999999542, 130.95181699132627
781.6333333332875, 130.20843721342612
781.6666666666208, 129.53387506205098
781.6999999999541, 128.99419797688114
781.7333333332874, 128.65547339759678
781.7666666666207, 128.58327686332362
781.799999999954, 128.78229234179025
781.8333333332873, 129.13819831849747
781.8666666666206, 129.52289575871274
781.8999999999539, 129.80828562770344
781.9333333332872, 129.86626889073702
781.9666666666205, 129.59047070889443
781.9999999999538, 129.0338213627501
782.0333333332871, 128.32016584380682
782.0666666666204, 127.57367335625183
782.0999999999538, 126.9185131042725
782.133333333287, 126.47731993365365
782.1666666666204, 126.29503317009713
782.1999999999537, 126.30376957168936
782.233333333287, 126.42677824648621
782.2666666666203, 126.58730830254363
782.2999999999536, 126.70860884791747
782.3333333332869, 126.73184197108529
782.3666666666202, 126.69103781828271
782.3999999999535, 126.65023038214238
782.4333333332868, 126.67346862588842
782.4666666666201, 126.82480151274493
782.4999999999534, 127.1656038725663
782.5333333332867, 127.68636813520342
782.56666666662, 128.30106669777084
782.5999999999533, 128.9198682268968
782.6333333332866, 129.45294138920949
782.6666666666199, 129.81045529693412
782.6999999999532, 129.9243900313551
782.7333333332865, 129.80692128146976
782.7666666666198, 129.4886518135449
782.7999999999531, 129.00018439384712
782.8333333332864, 128.37212178864326
782.8666666666197, 127.65222242344166
782.899999999953, 127.15949718326598
782.9333333332863, 127.42947035830133
782.9666666666196, 129.00369943782812
782.9999999999529, 132.42374191112663
783.0333333332862, 138.23016822627218
783.0666666666195, 146.48155957539242
783.0999999999528, 155.97954266650385
783.1333333332861, 165.323423949964
783.1666666666194, 173.1125098761305
783.1999999999528, 177.94610689536086
783.233333333286, 178.57637726111864
783.2666666666194, 175.30903756224498
783.2999999999527, 169.35530307229456
783.333333333286, 161.93767263676688
783.3666666666193, 154.27864510116143
783.3999999999526, 147.5959786957509
783.4333333332859, 142.60900238792266
783.4666666666192, 139.1070349134675
783.4999999999525, 136.7776635937106
783.5333333332858, 135.30847574997702
783.5666666666191, 134.38705870359186
783.5999999999524, 133.72406786278466
783.6333333332857, 133.18737165285776
783.666666666619, 132.7104231853437
783.6999999999523, 132.22689367236217
783.7333333332856, 131.67045432603283
783.7666666666189, 130.97618864018875
783.7999999999522, 130.1385606536433
783.8333333332855, 129.23186734966418
783.8666666666188, 128.33602112772786
783.8999999999521, 127.53093438731081
783.9333333332854, 126.8965195278895
783.9666666666187, 126.49201199224512
783.999999999952, 126.28028635080207
784.0333333332853, 126.19616838396823
784.0666666666186, 126.1744806921664
784.0999999999519, 126.15004587581942
784.1333333332852, 126.06007203995178
784.1666666666185, 125.89365861121182
784.1999999999518, 125.69019532524179
784.2333333332851, 125.49113712117125
784.2666666666184, 125.33793893812982
784.2999999999518, 125.27204868436316
784.333333333285, 125.31466219567395
784.3666666666184, 125.42231505581616
784.3999999999517, 125.53866598813485
784.433333333285, 125.6073737159752
784.4666666666183, 125.57209696268228
784.4999999999516, 125.38198941816641
784.5333333332849, 125.05674297838046
784.5666666666182, 124.66493365432737
784.5999999999515, 124.27611821469831
784.6333333332848, 123.95985342818432
784.6666666666181, 123.78549879727726
784.6999999999514, 123.78298648439984
784.7333333332847, 123.89542820498379
784.766666666618, 124.05436405517162
784.7999999999513, 124.19133413110578
784.8333333332846, 124.23787852892883
784.8666666666179, 124.13368728179019
784.8999999999512, 123.88478386384331
784.9333333332845, 123.52948959205537
784.9666666666178, 123.10634198773033
784.9999999999511, 122.65387857217216
785.0333333332844, 122.210495779301
785.0666666666177, 121.8063168110624
785.099999999951, 121.4587505643229
785.1333333332843, 121.18412489695339
785.1666666666176, 120.9987676668248
785.1999999999509, 120.91900673180805
785.2333333332842, 120.95750049443606
785.2666666666175, 121.10726974513987
785.2999999999508, 121.35479336857372
785.3333333332841, 121.68654577566473
785.3666666666174, 122.08900137734004
785.3999999999508, 122.54743420754029
785.433333333284, 123.01536952425829
785.4666666666174, 123.41209774095637
785.4999999999507, 123.65521079433842
785.533333333284, 123.66230062110819
785.5666666666173, 123.35096190133567
785.5999999999506, 122.68909409238789
785.6333333332839, 121.82341221988878
785.6666666666172, 120.94034566544393
785.6999999999505, 120.22632381065903
785.7333333332838, 119.86777603713973
785.7666666666171, 120.03660381373003
785.7999999999504, 120.69439915458673
785.8333333332837, 121.64439943514627
785.866666666617, 122.68596803655011
785.8999999999503, 123.6184683399399
785.9333333332836, 124.2415457380893
785.9666666666169, 124.43537869272528
785.9999999999502, 124.27127456091043
786.0333333332835, 123.8482745180019
786.0666666666168, 123.26541973935677
786.0999999999501, 122.62175140033223
786.1333333332834, 122.01192327506611
786.1666666666167, 121.49220026977484
786.19999999995, 121.09899505802443
786.2333333332833, 120.86855365997127
786.2666666666166, 120.83712209577169
786.2999999999499, 121.04023738250442
786.3333333332832, 121.46631237528443
786.3666666666165, 122.02795215878477
786.3999999999498, 122.63090645259346
786.4333333332831, 123.18092497629853
786.4666666666164, 123.583757449488
786.4999999999498, 123.76860484249453
786.533333333283, 123.79498482791918
786.5666666666164, 123.76742000925634
786.5999999999497, 123.79047571351963
786.633333333283, 123.96871726772271
786.6666666666163, 124.40307858022707
786.6999999999496, 125.09473048169633
786.7333333332829, 125.93512576815523
786.7666666666162, 126.81008917734471
786.7999999999495, 127.60544544700564
786.8333333332828, 128.2070208809794
786.8666666666161, 128.53613756881586
786.8999999999494, 128.6413465583527
786.9333333332827, 128.59969379099317
786.966666666616, 128.4882252081404
786.9999999999493, 128.38398675119765
787.0333333332826, 128.3596455627041
787.0666666666159, 128.42496970052008
787.0999999999492, 128.5426136900987
787.1333333332825, 128.67409324267516
787.1666666666158, 128.78092406948463
787.1999999999491, 128.82467694084053
787.2333333332824, 128.78120746591668
787.2666666666157, 128.65963246284372
787.299999999949, 128.47379280211328
787.3333333332823, 128.237529354217
787.3666666666156, 127.96468298964649
787.3999999999489, 127.66931376484348
787.4333333332822, 127.367327471003
787.4666666666155, 127.07555460338885
787.4999999999488, 126.81083256611021
787.5333333332821, 126.58999876327641
787.5666666666154, 126.42957457612414
787.5999999999487, 126.32744541509146
787.633333333282, 126.25279650418764
787.6666666666154, 126.17236579619943
787.6999999999487, 126.05289124391365
787.733333333282, 125.86111080011709
787.7666666666153, 125.5798347939828
787.7999999999486, 125.27562623297172
787.8333333332819, 125.04224117827088
787.8666666666152, 124.97345000513378
787.8999999999485, 125.163023088814
787.9333333332818, 125.69977601459168
787.9666666666151, 126.55268540927544
787.9999999999484, 127.56752899954135
788.0333333332817, 128.5844575726896
788.066666666615, 129.44362191602036
788.0999999999483, 129.98518729981907
788.1333333332816, 130.10714427937341
788.1666666666149, 129.89669847989035
788.1999999999482, 129.4796963205412
788.2333333332815, 128.98198422049714
788.2666666666148, 128.5294085989296
788.2999999999481, 128.24101428445618
788.3333333332814, 128.1504713112652
788.3666666666147, 128.2332188815371
788.399999999948, 128.46357380055494
788.4333333332813, 128.81585287360167
788.4666666666146, 129.26432533207816
788.4999999999479, 129.77577319355936
788.5333333332812, 130.30139847291184
788.5666666666145, 130.79045911455268
788.5999999999478, 131.19221306289893
788.6333333332811, 131.45591826236762
788.6666666666144, 131.55561273966313
788.6999999999477, 131.6456195915001
788.733333333281, 131.9599623254716
788.7666666666144, 132.73301733477535
788.7999999999477, 134.19916101260912
788.833333333281, 136.5876491912009
788.8666666666143, 139.91048087987153
788.8999999999476, 143.88642891016053
788.9333333332809, 148.21352211351984
788.9666666666142, 152.58978932140135
788.9999999999475, 156.713259365257
789.0333333332808, 160.317268584218
789.0666666666141, 163.29120680024403
789.0999999999474, 165.56756394916317
789.1333333332807, 167.07883140305424
789.166666666614, 167.75750053399588
789.1999999999473, 167.54305529939958
789.2333333332806, 166.50423795791124
789.2666666666139, 164.82361744689047
789.2999999999472, 162.68765331794532
789.3333333332805, 160.2828051226838
789.3666666666138, 157.79548092798873
789.3999999999471, 155.37938680719896
789.4333333332804, 153.09952187738966
789.4666666666137, 151.00598887148746
789.499999999947, 149.14889052241898
789.5333333332803, 147.5783295631108
789.5666666666136, 146.3333395526035
789.5999999999469, 145.3443485104168
789.6333333332802, 144.4802026294514
789.6666666666135, 143.60904350373644
789.6999999999468, 142.59901272730107
789.7333333332801, 141.31958784815106
789.7666666666134, 139.74474225339648
789.7999999999467, 138.0262204622434
789.83333333328, 136.3330679140306
789.8666666666134, 134.83433004809683
789.8999999999467, 133.69905230378083
789.93333333328, 133.05687927075948
789.9666666666133, 132.8131973049834
789.9999999999466, 132.79416222989423
790.0333333332799, 132.82583911728872
790.0666666666132, 132.7342930389636
790.0999999999465, 132.35112181001642
790.1333333332798, 131.65601975236086
790.1666666666131, 130.78937560713018
790.1999999999464, 129.89963570681073
790.2333333332797, 129.13524638388898
790.266666666613, 128.64464596844152
790.2999999999463, 128.5191441202894
790.3333333332796, 128.65605972708417
790.3666666666129, 128.91157395609144
790.3999999999462, 129.1418679745769
790.4333333332795, 129.2031229498062
790.4666666666128, 128.96313869197866
790.4999999999461, 128.43790080356624
790.5333333332794, 127.74562085385064
790.5666666666127, 127.00653802285004
790.599999999946, 126.34089149058248
790.6333333332793, 125.86855000702312
790.6666666666126, 125.65356276462713
790.6999999999459, 125.64508392763342
790.7333333332792, 125.77811444036026
790.7666666666125, 125.98765524712594
790.7999999999458, 126.20870729224876
790.8333333332791, 126.38126369722737
790.8666666666124, 126.48025879968367
790.8999999999457, 126.49555444845801
790.933333333279, 126.41706854581992
790.9666666666124, 126.2347189940388
790.9999999999457, 125.93912238528478
791.033333333279, 125.54714294844081
791.0666666666123, 125.1092220212699
791.0999999999456, 124.67799345165402
791.1333333332789, 124.30609108747524
791.1666666666122, 124.04614877661548
791.1999999999455, 123.9362202155437
791.2333333332788, 123.95521353674395
791.2666666666121, 124.0670413331887
791.2999999999454, 124.23561619633277
791.3333333332787, 124.42485071763099
791.366666666612, 124.60005953382442
791.3999999999453, 124.74879127274143
791.4333333332786, 124.87637593407037
791.4666666666119, 124.98864107473955
791.4999999999452, 125.09141425167715
791.5333333332785, 125.1905110926522
791.5666666666118, 125.28825342790984
791.5999999999451, 125.37863046009674
791.6333333332784, 125.45441563012432
791.6666666666117, 125.50838237890385
791.699999999945, 125.5333041473467
791.7333333332783, 125.52476597595391
791.7666666666116, 125.50141801447054
791.7999999999449, 125.49321569014565
791.8333333332782, 125.53019210364297
791.8666666666115, 125.64238035562646
791.8999999999448, 125.8590907250485
791.9333333332781, 126.17357640364912
791.9666666666114, 126.5270443854435
791.9999999999447, 126.85664536501315
792.033333333278, 127.09953003693968
792.0666666666114, 127.1928490958046
792.0999999999447, 127.09869386264177
792.133333333278, 126.89404428352738
792.1666666666113, 126.68894034135485
792.1999999999446, 126.59342501011537
792.2333333332779, 126.71754126380009
792.2666666666112, 127.16473286435838
792.2999999999445, 127.91534767251407
792.3333333332778, 128.84073580042963
792.3666666666111, 129.80848086282165
792.3999999999444, 130.6861664744067
792.4333333332777, 131.34150016890797
792.466666666611, 131.7075072523059
792.4999999999443, 131.88958535980453
792.5333333332776, 132.02123545929658
792.5666666666109, 132.23595851867472
792.5999999999442, 132.66725550583166
792.6333333332775, 133.43408824356027
792.6666666666108, 134.52271709674244
792.6999999999441, 135.84837453369616
792.7333333332774, 137.32562044606775
792.7666666666107, 138.8690147255033
792.799999999944, 140.3934170016484
792.8333333332773, 141.83191067398386
792.8666666666106, 143.1459645593258
792.8999999999439, 144.29950549907886
792.9333333332772, 145.2564603346476
792.9666666666105, 145.98075590743656
792.9999999999438, 146.464860709592
793.0333333332771, 146.84309479246588
793.0666666666104, 147.29376289908083
793.0999999999437, 147.9951831968937
793.133333333277, 149.12567385336126
793.1666666666104, 150.85485435799438
793.1999999999437, 153.17383683739305
793.233333333277, 155.90644192099117
793.2666666666103, 158.87003769496633
793.2999999999436, 161.8819922454959
793.3333333332769, 164.76000197302008
793.3666666666102, 167.5725806957013
793.3999999999435, 171.08605474106824
793.4333333332768, 176.18713766459197
793.4666666666101, 183.76254302174362
793.4999999999434, 194.69898436799446
793.5333333332767, 209.68637365266326
793.56666666661, 227.52526551933008
793.5999999999433, 245.9631665313449
793.6333333332766, 262.7361778579678
793.6666666666099, 275.58040066845876
793.6999999999432, 282.25733280738643
793.7333333332765, 282.2084741033044
793.7666666666098, 277.5733504891222
793.7999999999431, 270.73492415540454
793.8333333332764, 264.0761572927161
793.8666666666097, 259.9800120916218
793.899999999943, 260.2830147861387
793.9333333332763, 264.0393846510553
793.9666666666096, 269.4200258056964
793.9999999999429, 274.5954809589982
794.0333333332762, 277.73629281989656
794.0666666666095, 277.19156825209166
794.0999999999428, 275.050533128842
794.1333333332761, 276.9494090413232
794.1666666666094, 288.6643230411919
794.1999999999427, 315.97140218010463
794.233333333276, 364.63954561837016
794.2666666666094, 434.7788839697707
794.2999999999427, 510.70510270674527
794.333333333276, 573.9996699981004
794.3666666666093, 606.2440540126418
794.3999999999426, 589.0197229191755
794.4333333332759, 511.7694097032129
794.4666666666092, 438.80831491666015
794.4999999999425, 475.9194038161871
794.5333333332758, 729.3256613846324
794.5666666666091, 1305.2500726048338
794.5999999999424, 2307.993261707774
794.6333333332757, 3720.040564826871
794.666666666609, 5331.244102144822
794.6999999999423, 6914.430797790137
794.7333333332756, 8242.427575891332
794.7666666666089, 9088.061360576914
794.7999999999422, 9276.3151566211
794.8333333332755, 8890.433401950004
794.8666666666088, 8093.453203626734
794.8999999999421, 7048.434887556595
794.9333333332754, 5918.438779644897
794.9666666666087, 4862.172694387194
794.999999999942, 3952.1832925747954
795.0333333332753, 3181.958249594296
795.0666666666086, 2542.0564590989857
795.0999999999419, 2023.0368147421534
795.1333333332752, 1615.4546380242543
795.1666666666085, 1307.8594301053242
795.1999999999418, 1083.4565508516594
795.2333333332751, 924.5710453487354
795.2666666666084, 813.5279586820278
795.2999999999417, 732.6523359370119
795.333333333275, 665.4495745807852
795.3666666666084, 605.9475320288485
795.3999999999417, 553.6994134424817
795.433333333275, 508.30739223381215
795.4666666666083, 469.37364181496827
795.4999999999416, 436.49695504686156
795.5333333332749, 409.09418637397846
795.5666666666082, 386.3115857775641
795.5999999999415, 367.2734086761009
795.6333333332748, 351.1039104880717
795.6666666666081, 336.92734663195864
795.6999999999414, 323.98752075264025
795.7333333332747, 312.07484890874576
795.766666666608, 301.1358838271311
795.7999999999413, 291.1171903314723
795.8333333332746, 281.9653332454451
795.8666666666079, 273.6309995813033
795.8999999999412, 266.1366422201926
795.9333333332745, 259.56561985822003
795.9666666666078, 254.00322302201812
795.9999999999411, 249.5347422382195
796.0333333332744, 246.2449281069228
796.0666666666077, 244.04695317378307
796.099999999941, 242.43838420078438
796.1333333332743, 240.85509311077766
796.1666666666076, 238.73295182661383
796.1999999999409, 235.50783227114385
796.2333333332742, 230.70312935443005
796.2666666666075, 224.53321471977097
796.2999999999408, 217.54030910201845
796.3333333332741, 210.2686110535675
796.3666666666074, 203.26231912681317
796.3999999999407, 197.0589818609098
796.433333333274, 191.9200215523624
796.4666666666074, 187.73763082286405
796.4999999999407, 184.37823739408248
796.533333333274, 181.70826898768564
796.5666666666073, 179.59415332534144
796.5999999999406, 177.89473347730598
796.6333333332739, 176.43843378310424
796.6666666666072, 175.04605381543237
796.6999999999405, 173.5383931469815
796.7333333332738, 171.73625135044267
796.7666666666071, 169.4757374858117
796.7999999999404, 166.8132731199288
796.8333333332737, 163.97050394750488
796.866666666607, 161.17308071879847
796.8999999999403, 158.6466541840681
796.9333333332736, 156.61631882881372
796.9666666666069, 155.2160069770377
796.9999999999402, 154.38805088498634
797.0333333332735, 154.05059274594126
797.0666666666068, 154.121774753184
797.0999999999401, 154.5197390999962
797.1333333332734, 155.1516365123436
797.1666666666067, 155.8516044253522
797.19999999994, 156.42401644665614
797.2333333332733, 156.67315873056546
797.2666666666066, 156.40331743139026
797.2999999999399, 155.42616790874675
797.3333333332732, 153.77512158942795
797.3666666666065, 151.7385958834876
797.3999999999398, 149.6190921821254
797.4333333332731, 147.71911187654095
797.4666666666064, 146.34113631604544
797.4999999999397, 145.6772898578755
797.533333333273, 145.55075450010276
797.5666666666064, 145.70770270290805
797.5999999999397, 145.89430692647232
797.633333333273, 145.85673963097653
797.6666666666063, 145.36331148627315
797.6999999999396, 144.43272145666748
797.7333333332729, 143.24196088243752
797.7666666666062, 141.97051713066472
797.7999999999395, 140.7978775684306
797.8333333332728, 139.90246288018798
797.8666666666061, 139.37247094043704
797.8999999999394, 139.1386379885035
797.9333333332727, 139.11586406819933
797.966666666606, 139.21904922333644
797.9999999999393, 139.36309349772677
798.0333333332726, 139.47311634311893
798.0666666666059, 139.5287024480416
798.0999999999392, 139.5275086575632
798.1333333332725, 139.46720370507532
798.1666666666058, 139.34545632396944
798.1999999999391, 139.1612509517195
798.2333333332724, 138.94102593473414
798.2666666666057, 138.73719896040578
798.299999999939, 138.60320822482154
798.3333333332723, 138.59249192406867
798.3666666666056, 138.7584502681451
798.3999999999389, 139.13340444155895
798.4333333332722, 139.69361366141374
798.4666666666055, 140.4061198799003
798.4999999999388, 141.2379650492094
798.5333333332721, 142.15619112153192
798.5666666666054, 143.1235293425166
798.5999999999387, 144.06591887111625
798.633333333272, 144.89065867116943
798.6666666666054, 145.50490249520664
798.6999999999387, 145.8158040957584
798.733333333272, 145.73301073749695
798.7666666666053, 145.27963517694153
798.7999999999386, 144.63653282171688
798.8333333332719, 143.99621045209662
798.8666666666052, 143.55117484835446
798.8999999999385, 143.493932790764
798.9333333332718, 143.9718042596721
798.9666666666051, 144.94772882723333
798.9999999999384, 146.33762447795894
799.0333333332717, 148.05740918290294
799.066666666605, 150.0230009131194
799.0999999999383, 152.15657373079736
799.1333333332716, 154.46920542787225
799.1666666666049, 157.03808234920862
799.1999999999382, 159.9419620927029
799.2333333332715, 163.25960225625136
799.2666666666048, 167.06880978523705
799.2999999999381, 171.31122410505264
799.3333333332714, 175.65181823873706
799.3666666666047, 179.7220051056127
799.399999999938, 183.15319762500224
799.4333333332713, 185.5768087162281
799.4666666666046, 186.7637362703435
799.4999999999379, 187.3520117800961
799.5333333332712, 188.31237294715126
799.5666666666045, 190.61624136679305
799.5999999999378, 195.23503863430545
799.6333333332711, 203.09466716004138
799.6666666666044, 213.9496570669015
799.6999999999377, 226.30956074953818
799.733333333271, 238.6236731886203
799.7666666666044, 249.34128936481702
799.7999999999377, 256.9124251569891
799.833333333271, 260.76518599174995
799.8666666666043, 263.24081354757135
799.8999999999376, 267.22047206887
799.9333333332709, 275.5853258000627
799.9666666666042, 291.21653898556633
799.9999999999375, 316.26531444559095
800.0333333332708, 345.9096120825569
800.0666666666041, 371.4560525989102
800.0999999999374, 384.1698570697947
800.1333333332707, 375.3162465703544
800.166666666604, 336.48549239580035
800.1999999999373, 277.05834712366516
800.2333333332706, 233.04874397175936
800.2666666666039, 242.6549676548421
800.2999999999372, 344.07530288767236
800.3333333332705, 575.5080343850096
800.3666666666038, 960.500720380521
800.3999999999371, 1458.6682594599986
800.4333333332704, 2012.1909565873225
800.4666666666037, 2563.248726379298
800.499999999937, 3054.021483452733
800.5333333332703, 3428.9093563987126
800.5666666666036, 3666.0224735477423
800.5999999999369, 3769.67339260264
800.6333333332702, 3744.8634307527454
800.6666666666035, 3596.593905187394
800.6999999999368, 3329.941759230208
800.7333333332701, 2962.2481083780585
800.7666666666034, 2536.5639747939404
800.7999999999367, 2099.1765266311354
800.83333333327, 1696.3729320429284
800.8666666666034, 1374.4403591826008
800.8999999999367, 1170.7114786687482
800.93333333327, 1065.8472328303037
800.9666666666033, 1018.4034368509728
800.9999999999366, 986.8855772825259
801.0333333332699, 929.7991406767333
801.0666666666032, 808.3069458651185
801.0999999999365, 652.0214324273445
801.1333333332698, 563.3435301932412
801.1666666666031, 648.200302845519
801.1999999999364, 1012.5188140668876
801.2333333332697, 1762.1670809631419
801.266666666603, 2933.6028504333626
801.2999999999363, 4359.760001549071
801.3333333332696, 5836.462068452384
801.3666666666029, 7159.53258528542
801.3999999999362, 8124.7950861903
801.4333333332695, 8549.705921922498
801.4666666666028, 8450.857245428799
801.4999999999361, 7952.1634127411
801.5333333332694, 7178.579055162183
801.5666666666027, 6255.058803994832
801.599999999936, 5305.689511410369
801.6333333332693, 4412.038032060557
801.6666666666026, 3594.7368227513234
801.6999999999359, 2869.717549664733
801.7333333332692, 2252.911878982849
801.7666666666025, 1760.2514768877375
801.7999999999358, 1400.7434242192967
801.8333333332691, 1155.107645040953
801.8666666666024, 996.8419545618464
801.8999999999357, 899.4441655532539
801.933333333269, 836.4120907864539
801.9666666666024, 782.3995911037043
801.9999999999357, 727.8236707525735
802.033333333269, 674.49586554728
802.0666666666023, 624.4810865077595
802.0999999999356, 579.8442446539492
802.1333333332689, 542.6401499195938
802.1666666666022, 513.7646618080673
802.1999999999355, 491.896043306024
802.2333333332688, 475.4623506790535
802.2666666666021, 462.89164019274506
802.2999999999354, 452.61196811268843
802.3333333332687, 443.21879931537154
802.366666666602, 434.24782728895696
802.3999999999353, 425.5627575446224
802.4333333332686, 417.02763467275577
802.4666666666019, 408.50650326374546
802.4999999999352, 399.87480717347586
802.5333333332685, 391.24640842591083
802.5666666666018, 382.9610872618705
802.5999999999351, 375.36752092435887
802.6333333332684, 368.8143866563802
802.6666666666017, 363.64977230874723
802.699999999935, 359.9773333544107
802.7333333332683, 357.2800155362789
802.7666666666016, 354.9437037661438
802.7999999999349, 352.35428295579754
802.8333333332682, 348.89763801703214
802.8666666666015, 344.04032629415804
802.8999999999348, 337.8673702746438
802.9333333332681, 330.74994083231206
802.9666666666014, 323.06076189662156
802.9999999999347, 315.17255739703074
803.033333333268, 307.45326848081476
803.0666666666013, 300.1084945761937
803.0999999999347, 293.14566153630966
803.133333333268, 286.5601565853555
803.1666666666013, 280.34736694752434
803.1999999999346, 274.502676531407
803.2333333332679, 269.0026834603851
803.2666666666012, 263.7610693855704
803.2999999999345, 258.67835947994087
803.3333333332678, 253.65507891647405
803.3666666666011, 248.59175286814767
803.3999999999344, 243.40520730577174
803.4333333332677, 238.18302156267868
803.466666666601, 233.11464566841119
803.4999999999343, 228.39089099925542
803.5333333332676, 224.20256893149775
803.5666666666009, 220.7375569860303
803.5999999999342, 218.0072394930916
803.6333333332675, 215.7491704328667
803.6666666666008, 213.6773173810394
803.6999999999341, 211.50564791329333
803.7333333332674, 208.9481296053123
803.7666666666007, 205.79526853767058
803.799999999934, 202.17177610881348
803.8333333332673, 198.29355871839692
803.8666666666006, 194.37652485059007
803.8999999999339, 190.63658298956187
803.9333333332672, 187.27657217437294
803.9666666666005, 184.3108068235717
803.9999999999338, 181.61198968602923
804.0333333332671, 179.04937813276376
804.0666666666004, 176.49222953479347
804.0999999999337, 173.81074046947748
804.133333333267, 170.99043186073615
804.1666666666003, 168.24171120026742
804.1999999999337, 165.8009514015255
804.233333333267, 163.9045253779646
804.2666666666003, 162.7888060430388
804.2999999999336, 162.6621719707618
804.3333333332669, 163.57613595378362
804.3666666666002, 165.52760527076742
804.3999999999335, 168.5134317671459
804.4333333332668, 172.53046728835182
804.4666666666001, 177.555849247944
804.4999999999334, 183.16961206310123
804.5333333332667, 188.58366831258738
804.5666666666, 192.99602281170348
804.5999999999333, 195.6046803757505
804.6333333332666, 195.609061631065
804.6666666665999, 192.66207038418887
804.6999999999332, 187.516682426084
804.7333333332665, 181.08944178254566
804.7666666665998, 174.29689247936898
804.7999999999331, 168.05557854234925
804.8333333332664, 163.17502129541114
804.8666666665997, 159.7043970541146
804.899999999933, 157.3637166135872
804.9333333332663, 155.87167153272554
804.9666666665996, 154.94695337042614
804.9999999999329, 154.31358840188867
805.0333333332662, 153.84867768575373
805.0666666665995, 153.60145620284462
805.0999999999328, 153.63032193990975
805.1333333332661, 153.9936728836977
805.1666666665994, 154.7498658707224
805.1999999999327, 155.9002461151917
805.233333333266, 157.2759799453233
805.2666666665993, 158.6766198914985
805.2999999999327, 159.90171848409886
805.333333333266, 160.75082825350574
805.3666666665993, 161.0444592044063
805.3999999999326, 160.79014773448603
805.4333333332659, 160.09372245968282
805.4666666665992, 159.06188574151892
805.4999999999325, 157.80133994151643
805.5333333332658, 156.41807424013345
805.5666666665991, 154.98815676030017
805.5999999999324, 153.54746661980892
805.6333333332657, 152.12905996784187
805.666666666599, 150.76599295358128
805.6999999999323, 149.4913215655814
805.7333333332656, 148.33308912046272
805.7666666665989, 147.30116528407186
805.7999999999322, 146.4013023818406
805.8333333332655, 145.63925273920088
805.8666666665988, 145.02076868158446
805.8999999999321, 144.5501472413775
805.9333333332654, 144.2155022790867
805.9666666665987, 143.9948454556721
805.999999999932, 143.86603463937672
806.0333333332653, 143.80692769844362
806.0666666665986, 143.79536764219844
806.0999999999319, 143.8082560791277
806.1333333332652, 143.82100602758257
806.1666666665985, 143.8088989539489
806.1999999999318, 143.74721632461254
806.2333333332651, 143.61123960595933
806.2666666665984, 143.38791291084846
806.2999999999317, 143.11470074220173
806.333333333265, 142.84274407822667
806.3666666665983, 142.62318413383164
806.3999999999317, 142.507162123925
806.433333333265, 142.54209888505375
806.4666666665983, 142.72426926912786
806.4999999999316, 143.01276754072742
806.5333333332649, 143.36585001134208
806.5666666665982, 143.7417729924614
806.5999999999315, 144.099092674419
806.6333333332648, 144.42618361499862
806.6666666665981, 144.7661437583442
806.6999999999314, 145.16793517316654
806.7333333332647, 145.6805199281764
806.766666666598, 146.35286009208454
806.7999999999313, 147.21096769434635
806.8333333332646, 148.16418254790585
806.8666666665979, 149.0848603518792
806.8999999999312, 149.8453419436034
806.9333333332645, 150.3179681604154
806.9666666665978, 150.3846752397333
806.9999999999311, 150.0890286183613
807.0333333332644, 149.60894871353847
807.0666666665977, 149.1264380227642
807.099999999931, 148.82349904353785
807.1333333332643, 148.88155250950274
807.1666666665976, 149.38711950626066
807.1999999999309, 150.22749212434127
807.2333333332642, 151.2648427204265
807.2666666665975, 152.36134365119824
807.2999999999308, 153.3791672733385
807.3333333332641, 154.21075245402187
807.3666666665974, 154.9260560825573
807.3999999999307, 155.65955265378744
807.433333333264, 156.54580837671094
807.4666666665973, 157.71938946032634
807.4999999999307, 159.3058960992903
807.533333333264, 161.2479064616496
807.5666666665973, 163.31700509872977
807.5999999999306, 165.27821971512523
807.6333333332639, 166.89657801543035
807.6666666665972, 167.93762397257194
807.6999999999305, 168.31189529328498
807.7333333332638, 168.27292241375088
807.7666666665971, 168.12382446302698
807.7999999999304, 168.16772057017062
807.8333333332637, 168.7077298642393
807.866666666597, 169.9906246971346
807.8999999999303, 171.8882952591097
807.9333333332636, 174.1195948686705
807.9666666665969, 176.40292367960484
807.9999999999302, 178.4566818457005
808.0333333332635, 180.01058847154326
808.0666666665968, 181.07043495922454
808.0999999999301, 181.92712123567176
808.1333333332634, 182.88467401176555
808.1666666665967, 184.24711999838652
808.19999999993, 186.31828218535057
808.2333333332633, 189.29861395918888
808.2666666665966, 193.11737436989466
808.2999999999299, 197.65988660114044
808.3333333332632, 202.81147383659894
808.3666666665965, 208.45745925994265
808.3999999999298, 214.45215631520335
808.4333333332631, 220.41987520309388
808.4666666665964, 225.8815155025691
808.4999999999297, 230.35748205563334
808.533333333263, 233.3681797042908
808.5666666665963, 234.4541517404716
808.5999999999297, 233.7322854830692
808.633333333263, 231.96671364799042
808.6666666665963, 229.9559475382136
808.6999999999296, 228.49849845671721
808.7333333332629, 228.3925937729495
808.7666666665962, 230.16574100643757
808.7999999999295, 233.57080277677858
808.8333333332628, 238.22296972306262
808.8666666665961, 243.73743248437975
808.8999999999294, 249.7293816998202
808.9333333332627, 255.8610206405394
808.966666666596, 262.1763054417313
808.9999999999293, 268.9047035017215
809.0333333332626, 276.27691446200055
809.0666666665959, 284.52363796405893
809.0999999999292, 293.8645935672521
809.1333333332625, 304.1590827481281
809.1666666665958, 314.83338220062933
809.1999999999291, 325.2881136940497
809.2333333332624, 334.9238989976833
809.2666666665957, 343.14153933150885
809.299999999929, 349.6677069436403
809.3333333332623, 355.22847811056926
809.3666666665956, 360.7408765216448
809.3999999999289, 367.1219258662164
809.4333333332622, 375.2886498336329
809.4666666665955, 386.0470540881118
809.4999999999288, 399.2348732277523
809.5333333332621, 414.19043491767434
809.5666666665954, 430.24791404916283
809.5999999999287, 446.74148551350254
809.633333333262, 463.0491720718927
809.6666666665953, 480.1547461298107
809.6999999999287, 501.0724631886227
809.733333333262, 528.9468426192456
809.7666666665953, 566.922403792596
809.7999999999286, 618.1429656615556
809.8333333332619, 683.4266736456847
809.8666666665952, 756.0837313406809
809.8999999999285, 827.91211944659
809.9333333332618, 890.7098186634574
809.9666666665951, 936.2748096913288
809.9999999999284, 963.9535697401404
810.0333333332617, 1042.400941894049
810.066666666595, 1277.5478125514223
810.0999999999283, 1775.6838703022145
810.1333333332616, 2643.09880373638
810.1666666665949, 3982.1482263493845
810.1999999999282, 5739.555166027152
810.2333333332615, 7658.2971069644045
810.2666666665948, 9467.575453834235
810.2999999999281, 10896.59161130973
810.3333333332614, 11674.565274961913
810.3666666665947, 11628.122294295255
810.399999999928, 10908.846109875278
810.4333333332613, 9736.003019513118
810.4666666665946, 8328.859321019925
810.4999999999279, 6906.681312206837
810.5333333332612, 5672.653952262714
810.5666666665945, 4677.7308256631795
810.5999999999278, 3888.961390556725
810.6333333332611, 3272.518800549766
810.6666666665944, 2794.5762092487153
810.6999999999277, 2421.6143901844052
810.733333333261, 2132.797437200959
810.7666666665943, 1924.1974193833803
810.7999999999276, 1793.0609098991808
810.833333333261, 1736.6344819158714
810.8666666665943, 1752.1636684299622
810.8999999999276, 1829.906038644541
810.9333333332609, 1936.473535850868
810.9666666665942, 2033.4816588279193
810.9999999999275, 2082.5459063546705
811.0333333332608, 2045.2817772100989
811.0666666665941, 1897.0995837481314
811.0999999999274, 1745.1924705999645
811.1333333332607, 1769.9166184576713
811.166666666594, 2152.4106422768864
811.1999999999273, 3073.8131570132477
811.2333333332606, 4710.935880798303
811.2666666665939, 7061.578312975824
811.2999999999272, 9884.545883169656
811.3333333332605, 12922.005819969785
811.3666666665938, 15916.125351966195
811.3999999999271, 18609.077764862395
811.4333333332604, 20780.703962114043
811.4666666665937, 22337.720439392375
811.499999999927, 23213.52873743796
811.5333333332603, 23341.530396991384
811.5666666665936, 22655.126958793233
811.5999999999269, 21109.8534507513
811.6333333332602, 18870.06968314502
811.6666666665935, 16214.925488178296
811.6999999999268, 13424.759137842899
811.7333333332601, 10779.908904130598
811.7666666665934, 8556.772001428862
811.7999999999267, 6874.2578090530715
811.83333333326, 5644.18283202324
811.8666666665933, 4764.267745789622
811.8999999999266, 4132.233225802468
811.93333333326, 3645.804623606117
811.9666666665933, 3222.941879767405
811.9999999999266, 2848.1889959024024
812.0333333332599, 2519.7656208830103
812.0666666665932, 2235.8914035811304
812.0999999999265, 1994.785992868663
812.1333333332598, 1794.390004491975
812.1666666665931, 1630.0990127892678
812.1999999999264, 1495.9471245309526
812.2333333332597, 1385.9555788776363
812.266666666593, 1294.1456149899263
812.2999999999263, 1214.5973158229885
812.3333333332596, 1143.5807967743058
812.3666666665929, 1080.1559375314846
812.3999999999262, 1023.5636150289063
812.4333333332595, 973.044706200952
812.4666666665928, 927.8401308059223
812.4999999999261, 887.2976799992407
812.5333333332594, 851.1023681838395
812.5666666665927, 819.0055596538958
812.599999999926, 790.7586187035855
812.6333333332593, 766.1129096270854
812.6666666665926, 744.7519576796316
812.6999999999259, 725.7734408576042
812.7333333332592, 707.9753284752785
812.7666666665925, 690.1531702391324
812.7999999999258, 671.102515855643
812.8333333332591, 649.6484135040782
812.8666666665924, 625.6051555709182
812.8999999999257, 599.9877472421421
812.933333333259, 573.8834841092181
812.9666666665923, 548.3796617636148
812.9999999999256, 524.5633883071526
813.033333333259, 503.27341092631514
813.0666666665923, 484.61064522919133
813.0999999999256, 468.53961993685573
813.1333333332589, 455.02486377038275
813.1666666665922, 444.03090545084655
813.1999999999255, 435.4497596568694
813.2333333332588, 428.59226677795886
813.2666666665921, 422.4899591288214
813.2999999999254, 416.1725938949242
813.3333333332587, 408.66992826173487
813.366666666592, 399.04205775565225
813.3999999999253, 387.23993512250814
813.4333333332586, 374.22800515264163
813.4666666665919, 361.0257059069461
813.4999999999252, 348.6524754463152
813.5333333332585, 338.1272284483148
813.5666666665918, 330.1045858424322
813.5999999999251, 324.23828212705206
813.6333333332584, 320.01166639656213
813.6666666665917, 316.90808774535066
813.699999999925, 314.4108952678058
813.7333333332583, 312.0320388764558
813.7666666665916, 309.4921912318914
813.7999999999249, 306.60454617799536
813.8333333332582, 303.18271237633496
813.8666666665915, 299.0402984884781
813.8999999999248, 294.0027897864492
813.9333333332581, 288.1938612959362
813.9666666665914, 282.0499827078306
813.9999999999247, 276.0224233995944
814.033333333258, 270.5624527486896
814.0666666665913, 266.12062725878684
814.0999999999246, 262.87916057929243
814.133333333258, 260.350062838932
814.1666666665913, 257.9424335423352
814.1999999999246, 255.0653721941315
814.2333333332579, 251.1279782989505
814.2666666665912, 245.66943827462734
814.2999999999245, 239.07785056963766
814.3333333332578, 232.08183873696962
814.3666666665911, 225.41094056473784
814.3999999999244, 219.79469384105698
814.4333333332577, 215.9286901008968
814.466666666591, 213.79352854274882
814.4999999999243, 212.68955248295168
814.5333333332576, 211.89011167775718
814.5666666665909, 210.66855588341707
814.5999999999242, 208.3002080528415
814.6333333332575, 204.48064513534175
814.6666666665908, 199.8440389400889
814.6999999999241, 195.1517070927811
814.7333333332574, 191.16496721911636
814.7666666665907, 188.64513694479274
814.799999999924, 188.17084226464866
814.8333333332573, 189.27302186264333
814.8666666665906, 191.109820838081
814.8999999999239, 192.83893266400403
814.9333333332572, 193.61805081345491
814.9666666665905, 192.64899850534255
814.9999999999238, 189.9018029920651
815.0333333332571, 185.99840408873737
815.0666666665904, 181.5814164414538
815.0999999999237, 177.2934546963086
815.133333333257, 173.77475119489216
815.1666666665903, 171.36403172831515
815.1999999999236, 169.80718742715382
815.233333333257, 168.78097163831004
815.2666666665903, 167.96213770868565
815.2999999999236, 167.0274389851825
815.3333333332569, 165.71214139621966
815.3666666665902, 164.04140170807426
815.3999999999235, 162.12998810890116
815.4333333332568, 160.09269504414252
815.4666666665901, 158.04431695924046
815.4999999999234, 156.09626164948097
815.5333333332567, 154.31177513471644
815.56666666659, 152.71827283793627
815.5999999999233, 151.34231759463884
815.6333333332566, 150.2104722403223
815.6666666665899, 149.34880512906972
815.6999999999232, 148.74441808440454
815.7333333332565, 148.31795818396586
815.7666666665898, 147.98358436236214
815.7999999999231, 147.6554555542019
815.8333333332564, 147.2477306940937
815.8666666665897, 146.69922462972067
815.899999999923, 146.0524656178944
815.9333333332563, 145.37724769400972
815.9666666665896, 144.7433650158129
815.9999999999229, 144.2206117410503
816.0333333332562, 143.87279708888315
816.0666666665895, 143.694846700529
816.0999999999228, 143.63757128351523
816.1333333332561, 143.65106080879326
816.1666666665894, 143.6854052473145
816.1999999999227, 143.69144434595984
816.233333333256, 143.65837014228387
816.2666666665893, 143.63129076524592
816.2999999999226, 143.65973417516057
816.333333333256, 143.79322833234238
816.3666666665893, 144.08129944666985
816.3999999999226, 144.549989442101
816.4333333332559, 145.1429790271626
816.4666666665892, 145.78590359309206
816.4999999999225, 146.40439853112713
816.5333333332558, 146.9240992325051
816.5666666665891, 147.2770883396465
816.5999999999224, 147.4550159905033
816.6333333332557, 147.48173093971582
816.666666666589, 147.38139718060023
816.6999999999223, 147.17817870647283
816.7333333332556, 146.89694298468544
816.7666666665889, 146.58675921369317
816.7999999999222, 146.3264277870621
816.8333333332555, 146.19657316484594
816.8666666665888, 146.2778198070984
816.8999999999221, 146.65074972186343
816.9333333332554, 147.35353524881907
816.9666666665887, 148.30231322868715
816.999999999922, 149.39140347415938
817.0333333332553, 150.51512579792745
817.0666666665886, 151.56780001268308
817.0999999999219, 152.4503795461013
817.1333333332552, 153.11262126525105
817.1666666665885, 153.52606887912597
817.1999999999218, 153.6623670140311
817.2333333332551, 153.49316029627155
817.2666666665884, 152.9938769195664
817.2999999999217, 152.2300835608055
817.333333333255, 151.35925149725264
817.3666666665883, 150.5429888387177
817.3999999999216, 149.9429036950104
817.433333333255, 149.7203077755619
817.4666666665883, 149.95916907622953
817.4999999999216, 150.56315622973582
817.5333333332549, 151.41029648798917
817.5666666665882, 152.37861710289786
817.5999999999215, 153.34614532637033
817.6333333332548, 154.21196566849804
817.6666666665881, 154.99738756696038
817.6999999999214, 155.7677093967291
817.7333333332547, 156.58828768091308
817.766666666588, 157.52447894262127
817.7999999999213, 158.63730017191986
817.8333333332546, 159.9145146944478
817.8666666665879, 161.28291092026285
817.8999999999212, 162.66741941717487
817.9333333332545, 163.99297075299347
817.9666666665878, 165.18596959255737
817.9999999999211, 166.3284259437481
818.0333333332544, 167.79303034898064
818.0666666665877, 169.98431611402154
818.099999999921, 173.3068165446375
818.1333333332543, 178.16506494659512
818.1666666665876, 184.7899883376496
818.1999999999209, 192.62681736940675
818.2333333332542, 200.8986192895851
818.2666666665875, 208.82844765319257
818.2999999999208, 215.63935601523693
818.3333333332541, 220.59928992272265
818.3666666665874, 223.52226969545427
818.3999999999207, 224.58646696280462
818.433333333254, 223.97667760685349
818.4666666665873, 221.87769750968056
818.4999999999206, 218.4760305609463
818.533333333254, 214.0491385418596
818.5666666665873, 209.00921377883517
818.5999999999206, 203.77933696590276
818.6333333332539, 198.782588797092
818.6666666665872, 194.44203388412936
818.6999999999205, 191.0047798957577
818.7333333332538, 188.10676167502695
818.7666666665871, 185.25130415466612
818.7999999999204, 181.9417322674043
818.8333333332537, 177.68137094597054
818.866666666587, 172.04547122953204
818.8999999999203, 165.24655254458972
818.9333333332536, 157.83008805660478
818.9666666665869, 150.34445001152267
818.9999999999202, 143.33801065528863
819.0333333332535, 137.35080842247362
819.0666666665868, 132.66805131776434
819.0999999999201, 129.27914130709823
819.1333333332534, 127.156894265874
819.1666666665867, 126.27412606949048
819.19999999992, 126.60344358622653
819.2333333332533, 128.00922306864362
819.2666666665866, 130.07099894837341
819.2999999999199, 132.32200173495838
819.3333333332532, 134.2954619379409
819.3666666665865, 135.5246100668634
819.3999999999198, 135.62029502779754
819.4333333332531, 134.6963726364081
819.4666666665864, 133.06719686934764
819.4999999999197, 131.04764078383553
819.533333333253, 128.95257743709124
819.5666666665863, 127.08930833670172
819.5999999999196, 125.62094644421084
819.633333333253, 124.58132338598504
819.6666666665863, 123.99969181625718
819.6999999999196, 123.90530438926011
819.7333333332529, 124.32682142166173
819.7666666665862, 125.2158895663694
819.7999999999195, 126.3716212285632
819.8333333332528, 127.57518297984359
819.8666666665861, 128.60774139181112
819.8999999999194, 129.2504630360662
819.9333333332527, 129.32954144892744
819.966666666586, 128.883882988311
819.9999999999193, 128.01514720564745
820.0333333332526, 126.82500271737281
820.0666666665859, 125.41511813992322
820.0999999999192, 123.88529439609259
820.1333333332525, 122.31200415411092
820.1666666665858, 120.75586476547146
820.1999999999191, 119.2771906953899
820.2333333332524, 117.93629640908205
820.2666666665857, 116.7931609208856
820.299999999919, 115.8898915504997
820.3333333332523, 115.24211890626219
820.3666666665856, 114.86333335926912
820.3999999999189, 114.7670252806165
820.4333333332522, 114.96668156433596
820.4666666665855, 115.45020869787783
820.4999999999188, 116.11850145000335
820.5333333332521, 116.85397081368372
820.5666666665854, 117.5390277818901
820.5999999999187, 118.0560833475937
820.633333333252, 118.31245792688334
820.6666666665853, 118.42602754977102
820.6999999999186, 118.62048916618433
820.733333333252, 119.12033978768245
820.7666666665853, 120.15007642582457
820.7999999999186, 121.92509606008774
820.8333333332519, 124.4115072754742
820.8666666665852, 127.30165646628792
820.8999999999185, 130.27388177449518
820.9333333332518, 133.00652134206217
820.9666666665851, 135.1781562046647
820.9999999999184, 136.5454103342933
821.0333333332517, 137.05433698348733
821.066666666585, 136.67917364941005
821.0999999999183, 135.39415782922458
821.1333333332516, 133.17352702009416
821.1666666665849, 130.11399909509396
821.1999999999182, 127.02341128007114
821.2333333332515, 124.96559923439357
821.2666666665848, 125.00473766923785
821.2999999999181, 128.20500129578068
821.3333333332514, 135.55468711670724
821.3666666665847, 146.83314100696225
821.399999999918, 160.84991805243618
821.4333333332513, 176.38725742795765
821.4666666665846, 192.22739830835525
821.4999999999179, 207.1539578226952
821.5333333332512, 220.06394881648492
821.5666666665845, 230.05054089129763
821.5999999999178, 236.22640869997326
821.6333333332511, 237.7042268953519
821.6666666665844, 233.59667013185143
821.6999999999177, 223.6583556450424
821.733333333251, 210.20128187233038
821.7666666665843, 196.1742057707899
821.7999999999176, 184.52588429749582
821.833333333251, 178.2050744095226
821.8666666665843, 179.80494580577192
821.8999999999176, 188.38467993943
821.9333333332509, 200.9792917303537
821.9666666665842, 214.5998923711193
821.9999999999175, 226.25759305430296
822.0333333332508, 233.0187531896193
822.0666666665841, 233.8508564410029
822.0999999999174, 230.0571047265403
822.1333333332507, 223.08402345583374
822.166666666584, 214.3781380384856
822.1999999999173, 205.38529926397553
822.2333333332506, 197.13049770493117
822.2666666665839, 189.500032601335
822.2999999999172, 182.18950972501253
822.3333333332505, 174.89453484778932
822.3666666665838, 167.3107137414909
822.3999999999171, 159.21206746770872
822.4333333332504, 150.87686828267982
822.4666666665837, 142.78296692493913
822.499999999917, 135.40870997725742
822.5333333332503, 129.23244402240516
822.5666666665836, 124.70714089065827
822.5999999999169, 121.83180713443673
822.6333333332502, 120.21361243565157
822.6666666665835, 119.44686183769724
822.6999999999168, 119.12586038396822
822.7333333332501, 118.84672681784205
822.7666666665834, 118.38789759275441
822.7999999999167, 117.8634959288719
822.83333333325, 117.42376349832107
822.8666666665833, 117.21894197322845
822.8999999999166, 117.39927302572062
822.93333333325, 118.05505912941955
822.9666666665833, 119.02456606700703
822.9999999999166, 120.07982485379748
823.0333333332499, 120.99286621429754
823.0666666665832, 121.53572087301391
823.0999999999165, 121.50103666134203
823.1333333332498, 120.89586439256034
823.1666666665831, 119.85445453289532
823.1999999999164, 118.51272944718151
823.2333333332497, 117.00661150025346
823.266666666583, 115.47099038370263
823.2999999999163, 114.00357050403193
823.3333333332496, 112.65539708476973
823.3666666665829, 111.4745572490581
823.3999999999162, 110.50913812003905
823.4333333332495, 109.80719315899354
823.4666666665828, 109.39442592305186
823.4999999999161, 109.23553415822903
823.5333333332494, 109.2849024336316
823.5666666665827, 109.49691531836612
823.599999999916, 109.82595738153915
823.6333333332493, 110.21747265658801
823.6666666665826, 110.5597594789748
823.6999999999159, 110.71862314427065
823.7333333332492, 110.55981486382308
823.7666666665825, 109.94908584897959
823.7999999999158, 108.7753604343043
823.8333333332491, 107.3302210765718
823.8666666665824, 106.24656411446134
823.8999999999157, 106.16808499603393
823.933333333249, 107.73847916935057
823.9666666665823, 111.59528151199959
823.9999999999156, 117.81901708402712
824.033333333249, 125.49732686276658
824.0666666665823, 133.61527722480093
824.0999999999156, 141.15793454671322
824.1333333332489, 147.11036520508992
824.1666666665822, 150.68746589106726
824.1999999999155, 152.0227689208188
824.2333333332488, 151.47929423630455
824.2666666665821, 149.42006177948468
824.2999999999154, 146.20809149231923
824.3333333332487, 142.20420345287374
824.366666666582, 137.74801213458167
824.3999999999153, 133.16727466942987
824.4333333332486, 128.78961842157793
824.4666666665819, 124.94267075518528
824.4999999999152, 121.94754099543832
824.5333333332485, 119.9230006858752
824.5666666665818, 118.75120132608286
824.5999999999151, 118.30086722733252
824.6333333332484, 118.44072270089525
824.6666666665817, 119.0395352952698
824.699999999915, 119.98210227674005
824.7333333332483, 121.19314950933352
824.7666666665816, 122.60351599596224
824.7999999999149, 124.14404073953826
824.8333333332482, 125.74556274297362
824.8666666665815, 127.35331462080211
824.8999999999148, 128.99460676477773
824.9333333332481, 130.725799101017
824.9666666665814, 132.60328530056162
824.9999999999147, 134.68345903445322
825.033333333248, 137.0198781797262
825.0666666665813, 139.62452032907902
825.0999999999146, 142.47778452187265
825.133333333248, 145.55928194263043
825.1666666665812, 148.8486237758757
825.1999999999146, 152.32457582652012
825.2333333332479, 155.9132767627798
825.2666666665812, 159.45817892286115
825.2999999999145, 162.79548999681137
825.3333333332478, 165.76141767467755
825.3666666665811, 168.19218042712833
825.3999999999144, 170.01277696813958
825.4333333332477, 171.45208654920586
825.466666666581, 172.80395178851649
825.4999999999143, 174.36221530426062
825.5333333332476, 176.4207197146275
825.5666666665809, 179.25793699466428
825.5999999999142, 183.02981524585846
825.6333333332475, 187.83368912840265
825.6666666665808, 193.76652765337647
825.6999999999141, 200.9252998318594
825.7333333332474, 209.40816233821687
825.7666666665807, 219.3403459628191
825.799999999914, 230.8740217694172
825.8333333332473, 244.1625217163169
825.8666666665806, 259.3591777618241
825.8999999999139, 276.6181314672141
825.9333333332472, 296.21694600632986
825.9666666665805, 318.6879719578679
825.9999999999138, 344.59505456725134
826.0333333332471, 374.5020390799037
826.0666666665804, 408.972770741248
826.0999999999137, 454.84889989639373
826.133333333247, 547.7548307434961
826.1666666665803, 731.5588991289064
826.1999999999136, 1050.1301177614932
826.233333333247, 1547.337499350126
826.2666666665802, 2258.0802503320856
826.2999999999136, 3118.569773108976
826.3333333332469, 4003.9038479548976
826.3666666665802, 4788.270605945609
826.3999999999135, 5345.8581781568655
826.4333333332468, 5553.501527235802
826.4666666665801, 5385.05040333373
826.4999999999134, 4937.079840501248
826.5333333332467, 4314.04305120269
826.56666666658, 3620.393247902392
826.5999999999133, 2960.5299780544287
826.6333333332466, 2409.5011805610925
826.6666666665799, 1964.4606361058932
826.6999999999132, 1609.7853417182446
826.7333333332465, 1329.8522944275621
826.7666666665798, 1109.038491263261
826.7999999999131, 932.7623705179608
826.8333333332464, 792.6475879475504
826.8666666665797, 682.6065736854498
826.899999999913, 596.5553746252499
826.9333333332463, 528.410037660541
826.9666666665796, 472.27018775301053
826.9999999999129, 424.9959920682197
827.0333333332462, 385.57970208319404
827.0666666665795, 353.06882052844526
827.0999999999128, 326.51085013448494
827.1333333332461, 304.9545359822966
827.1666666665794, 287.52513532864054
827.1999999999127, 273.46764681602485
827.233333333246, 262.0375047165511
827.2666666665793, 252.4901433023209
827.2999999999126, 244.081026719237
827.333333333246, 236.21962176335649
827.3666666665792, 228.8280964402865
827.3999999999126, 221.93517931168333
827.4333333332459, 215.56959893920353
827.4666666665792, 209.76008388450342
827.4999999999125, 204.52097009928707
827.5333333332458, 199.75809438605432
827.5666666665791, 195.32781824187063
827.5999999999124, 191.0862510830259
827.6333333332457, 186.88950232581007
827.666666666579, 182.60099131705454
827.6999999999123, 178.23274378995004
827.7333333332456, 173.93529310814617
827.7666666665789, 169.86445967829698
827.7999999999122, 166.17606390705654
827.8333333332455, 163.02486544465395
827.8666666665788, 160.45003819933746
827.8999999999121, 158.27282950347652
827.9333333332454, 156.29033993994645
827.9666666665787, 154.29967009162257
827.999999999912, 152.09792054138035
828.0333333332453, 149.54313634368066
828.0666666665786, 146.74054262123641
828.0999999999119, 143.85802189595725
828.1333333332452, 141.06345669584596
828.1666666665785, 138.52472954890533
828.1999999999118, 136.39617728887345
828.2333333332451, 134.70631166854378
828.2666666665784, 133.4153367253667
828.2999999999117, 132.48277797503667
828.333333333245, 131.8681609332482
828.3666666665783, 131.53009649885695
828.3999999999116, 131.4024594217691
828.433333333245, 131.39213944215012
828.4666666665782, 131.40466084332294
828.4999999999116, 131.34554790861048
828.5333333332449, 131.12052889522678
828.5666666665782, 130.67677598217406
828.5999999999115, 130.05306019232034
828.6333333332448, 129.3004130517964
828.6666666665781, 128.46986608673322
828.6999999999114, 127.61245082326155
828.7333333332447, 126.76979910650262
828.766666666578, 125.93862017211063
828.7999999999113, 125.10221841903547
828.8333333332446, 124.24389590375307
828.8666666665779, 123.34695468273954
828.8999999999112, 122.39729611706076
828.9333333332445, 121.40973095951225
828.9666666665778, 120.41711852579989
828.9999999999111, 119.45259298831402
829.0333333332444, 118.54928851944486
829.0666666665777, 117.73934367180269
829.099999999911, 117.01997320262181
829.1333333332443, 116.34509825182451
829.1666666665776, 115.66594611814865
829.1999999999109, 114.93374410033218
829.2333333332442, 114.09978857536785
829.2666666665775, 113.14257032465923
829.2999999999108, 112.10902909174914
829.3333333332441, 111.05670492732509
829.3666666665774, 110.04313788207465
829.3999999999107, 109.12586800668537
829.433333333244, 108.35104423242966
829.4666666665773, 107.70276654678894
829.4999999999106, 107.14411076949848
829.533333333244, 106.63813585459371
829.5666666665772, 106.14790075611008
829.5999999999106, 105.64017145941827
829.6333333332439, 105.1294940950621
829.6666666665772, 104.66362226862904
829.6999999999105, 104.29098059662071
829.7333333332438, 104.05999369553875
829.7666666665771, 104.01742421828631
829.7999999999104, 104.13728163726354
829.8333333332437, 104.29406478960597
829.866666666577, 104.35509396374147
829.8999999999103, 104.18768944809804
829.9333333332436, 103.65926326862643
829.9666666665769, 102.70684961611983
829.9999999999102, 101.46101286728943
830.0333333332435, 100.08567440507696
830.0666666665768, 98.7447556124242
830.0999999999101, 97.60217787227293
830.1333333332434, 96.79335064745483
830.1666666665767, 96.28252349478338
830.19999999991, 95.97037102786965
830.2333333332433, 95.7574623882142
830.2666666665766, 95.54436671731767
830.2999999999099, 95.23777139609713
830.3333333332432, 94.83239949673367
830.3666666665765, 94.38899202221893
830.3999999999098, 93.96988999468135
830.4333333332431, 93.63743443624931
830.4666666665764, 93.45306697892197
830.4999999999097, 93.43167433452463
830.533333333243, 93.5199482926766
830.5666666665763, 93.65915456616226
830.5999999999096, 93.79055886776604
830.633333333243, 93.85544136653921
830.6666666665762, 93.81432960701149
830.6999999999096, 93.6849624327262
830.7333333332429, 93.49566009858114
830.7666666665762, 93.27474285947403
830.7999999999095, 93.05053097030262
830.8333333332428, 92.84954727441561
830.8666666665761, 92.68682773662033
830.8999999999094, 92.57288761149131
830.9333333332427, 92.51823129254798
830.966666666576, 92.53336317330981
830.9999999999093, 92.62696773779759
831.0333333332426, 92.77969349764226
831.0666666665759, 92.95018768802873
831.0999999999092, 93.09650684609636
831.1333333332425, 93.17670750898449
831.1666666665758, 93.14928009517115
831.1999999999091, 92.997511441209
831.2333333332424, 92.74242823852481
831.2666666665757, 92.40822377123466
831.299999999909, 92.01909132345465
831.3333333332423, 91.59922636562352
831.3666666665756, 91.1769001615883
831.3999999999089, 90.79291494584236
831.4333333332422, 90.49047328753541
831.4666666665755, 90.31277775581717
831.4999999999088, 90.3030309198374
831.5333333332421, 90.49053005463526
831.5666666665754, 90.81327190709558
831.5999999999087, 91.17242499956461
831.633333333242, 91.46905580762154
831.6666666665753, 91.60423080684562
831.6999999999086, 91.48559987217232
831.733333333242, 91.12460558280283
831.7666666665752, 90.61538296403597
831.7999999999086, 90.05436194326323
831.8333333332419, 89.53797244787609
831.8666666665752, 89.16190148422885
831.8999999999085, 88.97850454830564
831.9333333332418, 88.97367885509979
831.9666666665751, 89.12768645414022
831.9999999999084, 89.4207893949558
832.0333333332417, 89.83323878466616
832.066666666575, 90.32488652866402
832.0999999999083, 90.79286743631388
832.1333333332416, 91.12230271470838
832.1666666665749, 91.19831357094019
832.1999999999082, 90.90602121210192
832.2333333332415, 90.18799552557608
832.2666666665748, 89.36061812414292
832.2999999999081, 88.88982395778184
832.3333333332414, 89.2419434983742
832.3666666665747, 90.88330721780125
832.399999999908, 94.24175155515324
832.4333333332413, 99.15211162240115
832.4666666665746, 104.98386626081147
832.4999999999079, 111.09400041107283
832.5333333332412, 116.83949901387378
832.5666666665745, 121.58123532134859
832.5999999999078, 124.8935479989723
832.6333333332411, 126.67072050592598
832.6666666665744, 126.83331982764851
832.6999999999077, 125.30191294957879
832.733333333241, 121.99724663912194
832.7666666665743, 117.07937355089764
832.7999999999076, 111.41964521386319
832.833333333241, 106.02096649298242
832.8666666665742, 101.88624225321917
832.8999999999075, 100.01837735953724
832.9333333332409, 101.21380042585069
832.9666666665742, 104.98447643972182
832.9999999999075, 110.34923371835124
833.0333333332408, 116.32588290716417
833.0666666665741, 121.93223465158579
833.0999999999074, 126.22853740377093
833.1333333332407, 128.88562401246105
833.166666666574, 130.03217618519182
833.1999999999073, 129.8079705433674
833.2333333332406, 128.35278370839188
833.2666666665739, 125.8085770509981
833.2999999999072, 122.42209270130789
833.3333333332405, 118.58893190641577
833.3666666665738, 114.71603847442846
833.3999999999071, 111.21035621345277
833.4333333332404, 108.47861242100082
833.4666666665737, 106.76338767271788
833.499999999907, 105.8510428390154
833.5333333332403, 105.44931583688947
833.5666666665736, 105.26594458333611
833.5999999999069, 105.00866699535143
833.6333333332402, 104.43927783431276
833.6666666665735, 103.62994743066731
833.6999999999068, 102.76341146567256
833.7333333332401, 102.02254075835762
833.7666666665734, 101.59020612775176
833.7999999999067, 101.62968580973987
833.83333333324, 102.05180677439391
833.8666666665733, 102.59197952264796
833.8999999999066, 102.98207191997076
833.93333333324, 102.95395183183118
833.9666666665732, 102.24534536688115
833.9999999999065, 100.82471757933578
834.0333333332399, 98.9620186115901
834.0666666665732, 96.94752406402344
834.0999999999065, 95.07150953701515
834.1333333332398, 93.62394875163845
834.1666666665731, 92.7762359760628
834.1999999999064, 92.40141170929164
834.2333333332397, 92.32633133216737
834.266666666573, 92.37785022553244
834.2999999999063, 92.38282377022928
834.3333333332396, 92.1998735578454
834.3666666665729, 91.85029397802275
834.3999999999062, 91.40731185432217
834.4333333332395, 90.94417667695704
834.4666666665728, 90.5341379361407
834.4999999999061, 90.24557046395279
834.5333333332394, 90.09267211567102
834.5666666665727, 90.05583540578724
834.599999999906, 90.1149388097252
834.6333333332393, 90.24986080290866
834.6666666665726, 90.44030234444135
834.6999999999059, 90.66048235095602
834.7333333332392, 90.87822517333863
834.7666666665725, 91.06099378412243
834.7999999999058, 91.17625115584066
834.8333333332391, 91.19154857594337
834.8666666665724, 91.0923172793268
834.8999999999057, 90.90347486175095
834.933333333239, 90.65521929607173
834.9666666665723, 90.3777485551451
834.9999999999056, 90.10126061182702
835.0333333332389, 89.85391357188828
835.0666666665722, 89.65485617309166
835.0999999999055, 89.52075066131965
835.1333333332389, 89.46825920132457
835.1666666665722, 89.51404395785875
835.1999999999055, 89.67174651630147
835.2333333332388, 89.92698801648235
835.2666666665721, 90.25019425260005
835.2999999999054, 90.61164062128569
835.3333333332387, 90.98160251917028
835.366666666572, 91.33063408390207
835.3999999999053, 91.63582757077586
835.4333333332386, 91.88088473859813
835.4666666665719, 92.0498003648932
835.4999999999052, 92.12656922718544
835.5333333332385, 92.09540094229887
835.5666666665718, 91.96379909391918
835.5999999999051, 91.7831227986004
835.6333333332384, 91.609581857792
835.6666666665717, 91.4993860729435
835.699999999905, 91.5087448811956
835.7333333332383, 91.67501400522858
835.7666666665716, 91.96611663650609
835.7999999999049, 92.33399650872848
835.8333333332382, 92.73059735559607
835.8666666665715, 93.10786291080919
835.8999999999048, 93.42402519793441
835.9333333332381, 93.68461623266252
835.9666666665714, 93.91669545231143
835.9999999999047, 94.14743105618497
836.033333333238, 94.403991243587
836.0666666665713, 94.71106134725416
836.0999999999046, 95.04998756237441
836.1333333332379, 95.36527519070172
836.1666666665712, 95.6002570769673
836.1999999999045, 95.6982660659024
836.2333333332379, 95.60353624746863
836.2666666665712, 95.31545552063943
836.2999999999045, 94.91952650958481
836.3333333332378, 94.50873324605588
836.3666666665711, 94.1760597618038
836.3999999999044, 94.01446399042513
836.4333333332377, 94.08200896695071
836.466666666571, 94.33298855917457
836.4999999999043, 94.70249516019985
836.5333333332376, 95.12562116312975
836.5666666665709, 95.53745896106743
836.5999999999042, 95.87988869090265
836.6333333332375, 96.13509797255247
836.6666666665708, 96.30009497696936
836.6999999999041, 96.37191078040713
836.7333333332374, 96.34757645911961
836.7666666665707, 96.22501593297224
836.799999999904, 96.01359905061597
836.8333333332373, 95.73062033543334
836.8666666665706, 95.39353292617199
836.8999999999039, 95.01978996157956
836.9333333332372, 94.62698788019291
836.9666666665705, 94.23793519172156
836.9999999999038, 93.88201056672914
837.0333333332371, 93.58901216724509
837.0666666665704, 93.38873815529888
837.0999999999037, 93.31096211749568
837.133333333237, 93.3789585143871
837.1666666665703, 93.60081045971263
837.1999999999036, 93.98243404717496
837.2333333332369, 94.52974537047676
837.2666666665702, 95.24866052332068
837.2999999999035, 96.13039429412707
837.3333333332369, 97.09908811277371
837.3666666665702, 98.05976542403793
837.3999999999035, 98.91744825938251
837.4333333332368, 99.57715865027014
837.4666666665701, 99.95694484774289
837.4999999999034, 100.09626447440864
837.5333333332367, 100.10066476465033
837.56666666657, 100.07635541798709
837.5999999999033, 100.12954613393808
837.6333333332366, 100.3629784452935
837.6666666665699, 100.80105182207186
837.6999999999032, 101.3906076746289
837.7333333332365, 102.07517605218574
837.7666666665698, 102.79828700396342
837.7999999999031, 103.50374844299812
837.8333333332364, 104.16107714804178
837.8666666665697, 104.78594625613798
837.899999999903, 105.39884064718139
837.9333333332363, 106.02024520106677
837.9666666665696, 106.67064480109687
837.9999999999029, 107.37054911540731
838.0333333332362, 108.14055206248412
838.0666666665695, 109.00126544610815
838.0999999999028, 109.9733010700603
838.1333333332361, 111.07727073812141
838.1666666665694, 112.31764173321783
838.1999999999027, 113.59068647245323
838.233333333236, 114.74821856192752
838.2666666665693, 115.64191517318795
838.2999999999026, 116.12345347778171
838.3333333332359, 116.07833185070831
838.3666666665692, 115.88266813737494
838.3999999999025, 116.2825128922763
838.4333333332359, 118.03299570639103
838.4666666665692, 121.88924617069782
838.4999999999025, 128.58490871776294
838.5333333332358, 137.9431863935514
838.5666666665691, 148.55914071503904
838.5999999999024, 158.94101801824021
838.6333333332357, 167.5970646391694
838.666666666569, 173.037453537244
838.6999999999023, 174.45100976030426
838.7333333332356, 172.7017294285567
838.7666666665689, 168.9075265050609
838.7999999999022, 164.1863149528765
838.8333333332355, 159.65600873506312
838.8666666665688, 156.25646799904996
838.8999999999021, 154.08351547142695
838.9333333332354, 152.98312832772604
838.9666666665687, 152.80124550486772
838.999999999902, 153.38380593977246
839.0333333332353, 154.5821783965352
839.0666666665686, 156.29941503275896
839.0999999999019, 158.46717872981395
839.1333333332352, 161.01743548190746
839.1666666665685, 163.88215128324677
839.1999999999018, 166.9999191297113
839.2333333332351, 170.45878004359798
839.2666666665684, 174.49458982551735
839.2999999999017, 179.3495046157662
839.333333333235, 185.2656805546413
839.3666666665683, 192.4825646529701
839.3999999999016, 201.003457810264
839.4333333332349, 210.41554678839265
839.4666666665682, 220.26365325677818
839.4999999999015, 230.09259888484303
839.5333333332349, 239.44722961115943
839.5666666665682, 247.9669815004105
839.5999999999015, 255.60027700824412
839.6333333332348, 262.3585283120642
839.6666666665681, 268.2531475892749
839.6999999999014, 273.29554701727983
839.7333333332347, 277.57342407384596
839.766666666568, 281.6547440671414
839.7999999999013, 286.2939007621577
839.8333333332346, 292.24570001818415
839.8666666665679, 300.2649476945096
839.8999999999012, 311.02675099253094
839.9333333332345, 324.1620152520198
839.9666666665678, 338.56750713839784
839.9999999999011, 353.12473030763266
840.0333333332344, 366.71518841569167
840.0666666665677, 378.2944668685651
840.099999999901, 389.40361369779896
840.1333333332343, 404.781217201325
840.1666666665676, 429.3640980418574
840.1999999999009, 468.08907688211025
840.2333333332342, 525.8668235476297
840.2666666665675, 602.3222030785026
840.2999999999008, 685.4110852717063
840.3333333332341, 761.5295397737545
840.3666666665674, 817.0736362311621
840.3999999999007, 838.4394442904432
840.433333333234, 831.5087030038139
840.4666666665673, 882.5786934873062
840.4999999999006, 1098.6882867680768
840.5333333332339, 1586.8763765604008
840.5666666665672, 2454.18185657855
840.5999999999005, 3780.660314783827
840.6333333332338, 5430.912834210316
840.6666666665672, 7166.322848123044
840.6999999999005, 8747.626141406055
840.7333333332338, 9935.55849894339
840.7666666665671, 10502.627220696651
840.7999999999004, 10425.800393136464
840.8333333332337, 9855.314231092349
840.866666666567, 8946.884295147309
840.8999999999003, 7856.226145884344
840.9333333332336, 6738.032245587241
840.9666666665669, 5692.884083840693
840.9999999999002, 4741.426487984475
841.0333333332335, 3897.8682489694093
841.0666666665668, 3176.4181577463223
841.0999999999001, 2591.2663450856558
841.1333333332334, 2146.6184863119247
841.1666666665667, 1820.2711223911451
841.1999999999, 1585.7044517587256
841.2333333332333, 1416.3986728500768
841.2666666665666, 1285.8339841006089
841.2999999998999, 1171.143461460648
841.3333333332332, 1067.522628290607
841.3666666665665, 975.7398991718263
841.3999999998998, 896.5652805991538
841.4333333332331, 830.7687790674353
841.4666666665664, 778.899755839918
841.4999999998997, 739.3799153550144
841.533333333233, 709.440929666691
841.5666666665663, 686.3014353854613
841.5999999998996, 667.1800691218392
841.6333333332329, 649.4680008936792
841.6666666665662, 634.3339866305635
841.6999999998995, 626.6213754342938
841.7333333332328, 631.3254463318593
841.7666666665662, 653.4414783502502
841.7999999998995, 697.8534700457523
841.8333333332328, 760.9884283005713
841.8666666665661, 825.0238516442314
841.8999999998994, 870.7676581833291
841.9333333332327, 879.0277660244609
841.966666666566, 830.6268752437247
841.9999999998993, 729.2426738443155
842.0333333332326, 647.5507198286166
842.0666666665659, 671.1958642402767
842.0999999998992, 885.8229581229452
842.1333333332325, 1377.0768525202718
842.1666666665658, 2209.9568304356108
842.1999999998991, 3333.5003259889045
842.2333333332324, 4656.286958505402
842.2666666665657, 6086.854499723306
842.299999999899, 7533.740721380818
842.3333333332323, 8904.861537831743
842.3666666665656, 10101.278855901666
842.3999999998989, 11019.8044673594
842.4333333332322, 11557.186663177368
842.4666666665655, 11610.173734327991
842.4999999998988, 11080.910086415808
842.5333333332321, 10010.831953999475
842.5666666665654, 8589.662906662836
842.5999999998987, 7014.323938872447
842.633333333232, 5481.736045094855
842.6666666665653, 4187.926114022918
842.6999999998986, 3240.486089086185
842.7333333332319, 2584.9685824447774
842.7666666665652, 2149.596678955794
842.7999999998985, 1862.5934634763337
842.8333333332318, 1652.1858329689796
842.8666666665652, 1461.8005272373075
842.8999999998985, 1284.5962464078932
842.9333333332318, 1123.8867759132215
842.9666666665651, 982.9859011857785
842.9999999998984, 865.2074076580499
843.0333333332317, 772.9889405462618
843.066666666565, 703.4751828176857
843.0999999998983, 651.8331865688909
843.1333333332316, 613.2265879093702
843.1666666665649, 582.8190229486165
843.1999999998982, 556.0088989372763
843.2333333332315, 530.9759605348595
843.2666666665648, 507.7194277390178
843.2999999998981, 486.26999135375985
843.3333333332314, 466.6583421830944
843.3666666665647, 448.9108497484766
843.399999999898, 432.9327917277137
843.4333333332313, 418.4949084494868
843.4666666665646, 405.3609205096795
843.4999999998979, 393.2945485041759
843.5333333332312, 382.0596281848631
843.5666666665645, 371.4328138075374
843.5999999998978, 361.21507663406095
843.6333333332311, 351.2101027248214
843.6666666665644, 341.2215781402068
843.6999999998977, 331.0532104275106
843.733333333231, 320.6376471189282
843.7666666665643, 310.34090636268724
843.7999999998976, 300.6199550060722
843.8333333332309, 291.93175989636745
843.8666666665642, 284.73328788085763
843.8999999998975, 279.3720588164076
843.9333333332308, 275.5232057350277
843.9666666665642, 272.6066873400336
843.9999999998975, 270.0419734451245
844.0333333332308, 267.2485338639998
844.0666666665641, 263.6782947683647
844.0999999998974, 259.1701830496443
844.1333333332307, 253.8174857744602
844.166666666564, 247.71794476193585
844.1999999998973, 240.96930183119488
844.2333333332306, 233.71004885421587
844.2666666665639, 227.2096657189133
844.2999999998972, 223.98803078959537
844.3333333332305, 226.62973002239218
844.3666666665638, 237.7193493734337
844.3999999998971, 259.81489539219444
844.4333333332304, 292.6662796112829
844.4666666665637, 330.7764133146636
844.499999999897, 368.0732456655171
844.5333333332303, 398.48472582702385
844.5666666665636, 415.9393359049834
844.5999999998969, 416.4796502916709
844.6333333332302, 403.06276720802566
844.6666666665635, 380.05718072574876
844.6999999998968, 351.8313849165414
844.7333333332301, 322.7538738521046
844.7666666665634, 296.65506764178974
844.7999999998967, 274.1884971687773
844.83333333323, 254.84587157079613
844.8666666665633, 238.11717216305524
844.8999999998966, 223.492380260764
844.9333333332299, 210.48872692616575
844.9666666665632, 198.92951287282432
844.9999999998965, 188.83053435639954
845.0333333332298, 180.21057986723898
845.0666666665632, 173.0884378956902
845.0999999998965, 167.47514601095446
845.1333333332298, 163.18715035322703
845.1666666665631, 159.83678232494304
845.1999999998964, 157.02671638244797
845.2333333332297, 154.35962698208726
845.266666666563, 151.44097036173594
845.2999999998963, 148.11408535088626
845.3333333332296, 144.63893694547968
845.3666666665629, 141.31757928172647
845.3999999998962, 138.45206649583707
845.4333333332295, 136.34435835430241
845.4666666665628, 135.15170038997576
845.4999999998961, 134.59481728448617
845.5333333332294, 134.31245320100234
845.5666666665627, 133.94335230269272
845.599999999896, 133.12625875272605
845.6333333332293, 131.58642478851476
845.6666666665626, 129.51338563716072
845.6999999998959, 127.25176845765307
845.7333333332292, 125.14630931357294
845.7666666665625, 123.54174426850146
845.7999999998958, 122.7418450551798
845.8333333332291, 122.64330497750102
845.8666666665624, 122.90967417694642
845.8999999998957, 123.20175028904606
845.933333333229, 123.18033094932996
845.9666666665623, 122.52041132466616
845.9999999998956, 121.19464328077675
846.0333333332289, 119.45812032043669
846.0666666665622, 117.57708783901555
846.0999999998955, 115.81779123188281
846.1333333332288, 114.44359033429518
846.1666666665622, 113.54047051165762
846.1999999998955, 112.91702007641256
846.2333333332288, 112.35767459028844
846.2666666665621, 111.6468696150137
846.2999999998954, 110.56925961422003
846.3333333332287, 109.02548419261936
846.366666666562, 107.22250889506255
846.3999999998953, 105.41728504096486
846.4333333332286, 103.86676394974158
846.4666666665619, 102.82789694080799
846.4999999998952, 102.50221793551637
846.5333333332285, 102.83516855072705
846.5666666665618, 103.69826585298217
846.5999999998951, 104.96301978104786
846.6333333332284, 106.50094027369008
846.6666666665617, 108.17946417227904
846.699999999895, 109.83218849277777
846.7333333332283, 111.27594648164246
846.7666666665616, 112.32745137888861
846.7999999998949, 112.80341642453166
846.8333333332282, 112.53545429237218
846.8666666665615, 111.59993144942989
846.8999999998948, 110.27344610364912
846.9333333332281, 108.83847881223858
846.9666666665614, 107.57751013240704
846.9999999998947, 106.7690764918854
847.033333333228, 106.5292943835127
847.0666666665613, 106.7578751839365
847.0999999998946, 107.3395096107095
847.1333333332279, 108.15888838138436
847.1666666665612, 109.10116704225135
847.1999999998945, 110.14444799128015
847.2333333332278, 111.47152691834793
847.2666666665612, 113.29248469420547
847.2999999998945, 115.81740218960356
847.3333333332278, 119.25635917096183
847.3666666665611, 123.66533865063099
847.3999999998944, 128.51922184416253
847.4333333332277, 133.15593631732563
847.466666666561, 136.91340963588928
847.4999999998943, 139.12956936562256
847.5333333332276, 139.2614614688043
847.5666666665609, 137.5529043249357
847.5999999998942, 134.56679241319313
847.6333333332275, 130.8669313599462
847.6666666665608, 127.01712679156456
847.6999999998941, 123.54889032416936
847.7333333332274, 120.59742276876986
847.7666666665607, 118.03195689498202
847.799999999894, 115.71680687997957
847.8333333332273, 113.51628690093624
847.8666666665606, 111.29808807222226
847.8999999998939, 109.02012640129391
847.9333333332272, 106.73812372476465
847.9666666665605, 104.51269809805689
847.9999999998938, 102.40446757659305
848.0333333332271, 100.47389874496555
848.0666666665604, 98.7684076185649
848.0999999998937, 97.31249865277911
848.133333333227, 96.12835460573031
848.1666666665603, 95.23815823554052
848.1999999998936, 94.66407919316856
848.2333333332269, 94.41333519590458
848.2666666665602, 94.4494502129433
848.2999999998935, 94.72800931085533
848.3333333332268, 95.2045975562112
848.3666666665601, 95.83480001558144
848.3999999998935, 96.57236999034188
848.4333333332268, 97.36188120817046
848.4666666665601, 98.14503792687992
848.4999999998934, 98.86354343239115
848.5333333332267, 99.45910101062505
848.56666666656, 99.88288003694593
848.5999999998933, 100.16975866788324
848.6333333332266, 100.39828163223443
848.6666666665599, 100.64737175951701
848.6999999998932, 100.99595187924848
848.7333333332265, 101.52588558247638
848.7666666665598, 102.36953195735113
848.7999999998931, 103.7017355085606
848.8333333332264, 105.69866448912721
848.8666666665597, 108.53648715207325
848.899999999893, 112.38578918153736
848.9333333332263, 117.18354549722875
848.9666666665596, 122.55330099026105
848.9999999998929, 128.09662056125646
849.0333333332262, 133.41506911083712
849.0666666665595, 138.11061370316386
849.0999999998928, 141.86046687906747
849.1333333332261, 144.50505412858212
849.1666666665594, 145.9061786793443
849.1999999998927, 145.92564375899053
849.233333333226, 144.42525690871346
849.2666666665593, 141.39721393904065
849.2999999998926, 137.30592743255113
849.3333333332259, 132.7226769275827
849.3666666665592, 128.21874196247313
849.3999999998925, 124.36540207556025
849.4333333332258, 121.6423192251
849.4666666665591, 119.96347114434256
849.4999999998925, 119.0271554430784
849.5333333332258, 118.53124388722561
849.5666666665591, 118.17360824270243
849.5999999998924, 117.66983326380911
849.6333333332257, 116.9306934210584
849.666666666559, 115.98798018167041
849.6999999998923, 114.87529233963703
849.7333333332256, 113.6262286889502
849.7666666665589, 112.27407125825628
849.7999999998922, 110.84504447359461
849.8333333332255, 109.35843954837283
849.8666666665588, 107.83325581111403
849.8999999998921, 106.28849259034133
849.9333333332254, 104.74341709552408
849.9666666665587, 103.23342697484294
849.999999999892, 101.8189552224203
850.0333333332253, 100.5625922915309
850.0666666665586, 99.52692863544951
850.0999999998919, 98.77447233215473
850.1333333332252, 98.33646209138297
850.1666666665585, 98.16592493994192
850.1999999998918, 98.20385907115947
850.2333333332251, 98.39126267836356
850.2666666665584, 98.66913395488216
850.2999999998917, 98.99137547685405
850.333333333225, 99.36554677527982
850.3666666665583, 99.81315145992893
850.3999999998916, 100.35569316947687
850.4333333332249, 101.01467554259918
850.4666666665582, 101.81107919292849
850.4999999998915, 102.7622037902947
850.5333333332248, 103.88376873613115
850.5666666665581, 105.19148735237617
850.5999999998915, 106.70107296096816
850.6333333332248, 108.42789767694393
850.6666666665581, 110.38302655981168
850.6999999998914, 112.57457518750111
850.7333333332247, 115.01060170687599
850.766666666558, 117.69916426480017
850.7999999998913, 120.64515362701847
850.8333333332246, 123.77087108999883
850.8666666665579, 126.91022528148541
850.8999999998912, 129.8927951301751
850.9333333332245, 132.5481595647648
850.9666666665578, 134.7084429788013
850.9999999998911, 136.39586664052948
851.0333333332244, 137.9510713787802
851.0666666665577, 139.74506868896157
851.099999999891, 142.14887006648152
851.1333333332243, 145.53305919596892
851.1666666665576, 150.01856256571594
851.1999999998909, 155.0573354306451
851.2333333332242, 159.9904590557263
851.2666666665575, 164.1590147059295
851.2999999998908, 166.9040836462245
851.3333333332241, 168.00914598919002
851.3666666665574, 169.20868620039343
851.3999999998907, 172.77484687226018
851.433333333224, 180.97978738428787
851.4666666665573, 196.095667115974
851.4999999998906, 219.57893447798924
851.5333333332239, 246.86000428938394
851.5666666665572, 270.66941462183695
851.5999999998905, 283.7249898949516
851.6333333332238, 278.7445545283307
851.6666666665571, 250.08315687448783
851.6999999998905, 213.61467794014624
851.7333333332238, 200.3757390933642
851.7666666665571, 241.71992446955258
851.7999999998904, 369.00081820412237
851.8333333332237, 612.4825900910159
851.866666666557, 973.1102902745645
851.8999999998903, 1419.9259158795978
851.9333333332236, 1920.3641070473766
851.9666666665569, 2441.8595039191637
851.9999999998902, 2951.819023920883
852.0333333332235, 3415.5472138274095
852.0666666665568, 3794.808786723218
852.0999999998901, 4051.028543466598
852.1333333332234, 4145.631284915844
852.1666666665567, 4040.0901721915147
852.19999999989, 3722.76265066415
852.2333333332233, 3253.527193127744
852.2666666665566, 2704.024616331084
852.2999999998899, 2145.895737022959
852.3333333332232, 1650.7813719521564
852.3666666665565, 1275.343635406811
852.3999999998898, 1011.5471213868401
852.4333333332231, 833.8924400714054
852.4666666665564, 716.8799303336712
852.4999999998897, 635.0099310468023
852.533333333223, 565.125910560253
852.5666666665563, 500.76431194966045
852.5999999998896, 442.7059556368546
852.6333333332229, 391.7610425286022
852.6666666665562, 348.73977353167004
852.6999999998895, 314.3405595844963
852.7333333332228, 287.8767099533172
852.7666666665561, 267.72554870302156
852.7999999998895, 252.24678108128586
852.8333333332228, 239.80011233578614
852.8666666665561, 228.78108773532094
852.8999999998894, 218.45868487674463
852.9333333332227, 209.00350196482626
852.966666666556, 200.62761666451456
852.9999999998893, 193.5431066407585
853.0333333332226, 187.95798230408704
853.0666666665559, 183.8249072527433
853.0999999998892, 180.6941126251797
853.1333333332225, 178.08042325780812
853.1666666665558, 175.49866398704015
853.1999999998891, 172.46420821089285
853.2333333332224, 168.67707131831773
853.2666666665557, 164.28929859038354
853.299999999889, 159.52083247089686
853.3333333332223, 154.59161540366424
853.3666666665556, 149.72158982888428
853.3999999998889, 145.12315106650826
853.4333333332222, 140.9792112505955
853.4666666665555, 137.46548394207454
853.4999999998888, 134.75768270187388
853.5333333332221, 133.031521090922
853.5666666665554, 132.3923909680769
853.5999999998887, 132.50109053259933
853.633333333222, 132.84516717285058
853.6666666665553, 132.9117761089258
853.6999999998886, 132.1880725609202
853.7333333332219, 130.2294230210179
853.7666666665552, 127.31644732818425
853.7999999998885, 124.1674081526281
853.8333333332218, 121.50661564942124
853.8666666665551, 120.05837997363537
853.8999999998885, 120.51257506051013
853.9333333332218, 122.88222343587617
853.966666666555, 126.56190395137006
853.9999999998884, 130.92347061771258
854.0333333332217, 135.3387774456246
854.066666666555, 139.18312226164383
854.0999999998883, 141.9845905467509
854.1333333332216, 143.4814341714166
854.1666666665549, 143.42719155038253
854.1999999998882, 141.5754010983904
854.2333333332215, 137.68162218395872
854.2666666665548, 131.82763758380878
854.2999999998881, 124.77832966263426
854.3333333332214, 117.38444888415655
854.3666666665547, 110.4967457120971
854.399999999888, 104.96589979212378
854.4333333332213, 101.36774982215174
854.4666666665546, 99.38061793359462
854.4999999998879, 98.49991623664995
854.5333333332212, 98.22105684151526
854.5666666665545, 98.03945185838808
854.5999999998878, 97.52371656324584
854.6333333332211, 96.62204144469182
854.6666666665544, 95.40526928851142
854.6999999998877, 93.94430418219522
854.733333333221, 92.31005021323386
854.7666666665543, 90.57953188045553
854.7999999998876, 88.8812130006941
854.8333333332209, 87.36928661890781
854.8666666665542, 86.19813684625584
854.8999999998875, 85.52214779389742
854.9333333332208, 85.4785040259777
854.9666666665541, 85.95495384979257
854.9999999998875, 86.65120074517526
855.0333333332208, 87.26233497364667
855.066666666554, 87.48344679672773
855.0999999998874, 87.019257999309
855.1333333332207, 85.84937732713743
855.166666666554, 84.26168588494366
855.1999999998873, 82.5604008932263
855.2333333332206, 81.04973957248396
855.2666666665539, 80.03156916019678
855.2999999998872, 79.63304316630789
855.3333333332205, 79.68910670925654
855.3666666665538, 80.00688938411145
855.3999999998871, 80.3935207859414
855.4333333332204, 80.65630100610981
855.4666666665537, 80.67286807168189
855.499999999887, 80.49931788103717
855.5333333332203, 80.21962499330405
855.5666666665536, 79.91776396761101
855.5999999998869, 79.67770935972027
855.6333333332202, 79.5555667146637
855.6666666665535, 79.49761451072193
855.6999999998868, 79.42308062356464
855.7333333332201, 79.25119292886151
855.7666666665534, 78.90117930228216
855.7999999998867, 78.31239828330398
855.83333333322, 77.54885331538952
855.8666666665533, 76.72219531985384
855.8999999998866, 75.94417087674178
855.9333333332199, 75.32652656609812
855.9666666665532, 74.96873119448892
855.9999999998865, 74.84695353905032
856.0333333332198, 74.86616252825684
856.0666666665531, 74.93046481313637
856.0999999998864, 74.94396704471679
856.1333333332198, 74.81562207090872
856.166666666553, 74.539577322071
856.1999999998864, 74.18272163120335
856.2333333332197, 73.81427987842997
856.266666666553, 73.50347694387507
856.2999999998863, 73.31844941097683
856.3333333332196, 73.28829159984376
856.3666666665529, 73.39319263118881
856.3999999998862, 73.6102493176732
856.4333333332195, 73.9165584719582
856.4666666665528, 74.28943119929151
856.4999999998861, 74.72803532398892
856.5333333332194, 75.27195649124718
856.5666666665527, 75.96515263963506
856.599999999886, 76.85158170772132
856.6333333332193, 77.97512190404345
856.6666666665526, 79.31892707546369
856.6999999998859, 80.6972749062968
856.7333333332192, 81.89532092498031
856.7666666665525, 82.69822065995182
856.7999999998858, 82.89112963964885
856.8333333332191, 82.33125024006894
856.8666666665524, 81.18338257981547
856.8999999998857, 79.69440123515015
856.933333333219, 78.11118157099308
856.9666666665523, 76.68059895226429
856.9999999998856, 75.61631533197277
857.0333333332189, 74.9120488879034
857.0666666665522, 74.47210935901049
857.0999999998855, 74.20054781863811
857.1333333332188, 74.00141534013031
857.1666666665521, 73.7848942814387
857.1999999998854, 73.52635775828597
857.2333333332188, 73.24051729970672
857.266666666552, 72.94262802784795
857.2999999998854, 72.6479450648567
857.3333333332187, 72.37119091482192
857.366666666552, 72.11727150188993
857.3999999998853, 71.88246359260803
857.4333333332186, 71.66275005805815
857.4666666665519, 71.45411376932223
857.4999999998852, 71.25250482775716
857.5333333332185, 71.05265696345893
857.5666666665518, 70.84775630832482
857.5999999998851, 70.63088877235276
857.6333333332184, 70.39514026554069
857.6666666665517, 70.13376852172318
857.699999999885, 69.85767696511977
857.7333333332183, 69.61046620196451
857.7666666665516, 69.4392828836343
857.7999999998849, 69.39127366150606
857.8333333332182, 69.51355072432855
857.8666666665515, 69.82936756119285
857.8999999998848, 70.29647493116008
857.9333333332181, 70.86148153284874
857.9666666665514, 71.47099606487733
857.9999999998847, 72.07162722586429
858.033333333218, 72.61199994685641
858.0666666665513, 73.04910181158353
858.0999999998846, 73.34208822489921
858.1333333332179, 73.45011459534561
858.1666666665512, 73.33233633146482
858.1999999998845, 72.96857627825716
858.2333333332178, 72.46931047230316
858.2666666665511, 71.99592398330718
858.2999999998844, 71.70991705783723
858.3333333332178, 71.77278994246136
858.366666666551, 72.32774238334626
858.3999999998844, 73.33653848363848
858.4333333332177, 74.65721956228445
858.466666666551, 76.14660933095868
858.4999999998843, 77.66153150133566
858.5333333332176, 79.06564662363391
858.5666666665509, 80.33595492605959
858.5999999998842, 81.5427212250598
858.6333333332175, 82.75898426329054
858.6666666665508, 84.05778278340799
858.6999999998841, 85.5083380888597
858.7333333332174, 87.06026043106185
858.7666666665507, 88.5226459749004
858.799999999884, 89.69655881319561
858.8333333332173, 90.38306303876776
858.8666666665506, 90.3853742877195
858.8999999998839, 89.6694818054888
858.9333333332172, 88.47522170539582
858.9666666665505, 87.0686986792459
858.9999999998838, 85.71601741884447
859.0333333332171, 84.68312789807635
859.0666666665504, 84.18459806661575
859.0999999998837, 84.30951459073844
859.133333333217, 85.12816749116914
859.1666666665503, 86.71084678863247
859.1999999998836, 89.12783818531713
859.2333333332169, 92.32730756395767
859.2666666665502, 95.81616656659028
859.2999999998835, 99.00169797764683
859.3333333332168, 101.29118458155916
859.3666666665501, 102.09190916275915
859.3999999998834, 100.96122359389223
859.4333333332168, 98.26662296858831
859.46666666655, 94.64775410080502
859.4999999998834, 90.74446540247827
859.5333333332167, 87.19660528554404
859.56666666655, 84.57955967824104
859.5999999998833, 82.9402179562125
859.6333333332166, 82.06656280613852
859.6666666665499, 81.74480166705843
859.6999999998832, 81.7611419780115
859.7333333332165, 81.90851210525852
859.7666666665498, 82.06727421812224
859.7999999998831, 82.17895608396447
859.8333333332164, 82.18634160331393
859.8666666665497, 82.03221467669934
859.899999999883, 81.66302088902624
859.9333333332163, 81.1074198378239
859.9666666665496, 80.47518658158369
859.9999999998829, 79.87953814037775
860.0333333332162, 79.43369153427822
860.0666666665495, 79.24970739298682
860.0999999998828, 79.38720696196758
860.1333333332161, 79.83301378085983
860.1666666665494, 80.56858549713246
860.1999999998827, 81.5753797582544
860.233333333216, 82.83489661739557
860.2666666665493, 84.33401848400034
860.2999999998826, 86.07021904958665
860.3333333332159, 88.04220835202909
860.3666666665492, 90.24869642920225
860.3999999998825, 92.68833728251313
860.4333333332158, 95.31055243498173
860.4666666665491, 97.9253027505931
860.4999999998824, 100.31802615749666
860.5333333332158, 102.27416058384173
860.566666666549, 103.57914395777766
860.5999999998824, 104.08518617483773
860.6333333332157, 103.92114117074303
860.666666666549, 103.28749779480381
860.6999999998823, 102.38474500760705
860.7333333332156, 101.41337176973958
860.7666666665489, 100.54834220287364
860.7999999998822, 99.80893757489383
860.8333333332155, 99.15575128437673
860.8666666665488, 98.54926913179827
860.8999999998821, 97.94997691763434
860.9333333332154, 97.3219113170302
860.9666666665487, 96.66168693374274
860.999999999882, 95.98342875236654
861.0333333332153, 95.30142994676217
861.0666666665486, 94.62998369079027
861.0999999998819, 93.98180739694466
861.1333333332152, 93.34681145292035
861.1666666665485, 92.69773552636921
861.1999999998818, 92.00689933536425
861.2333333332151, 91.24662259797854
861.2666666665484, 90.39096407403491
861.2999999998817, 89.45729561530122
861.333333333215, 88.50822810807814
861.3666666665483, 87.60849689749246
861.3999999998816, 86.82283732867074
861.4333333332149, 86.21525480217612
861.4666666665482, 85.81306446059868
861.4999999998815, 85.59045991142665
861.5333333332148, 85.51747682294703
861.5666666665481, 85.56415086344678
861.5999999998814, 85.70062456104407
861.6333333332148, 85.91207245423962
861.666666666548, 86.21406845720385
861.6999999998814, 86.62585343985238
861.7333333332147, 87.16666827210094
861.766666666548, 87.85574008513552
861.7999999998813, 88.6990428870483
861.8333333332146, 89.66457418991142
861.8666666665479, 90.71357216373586
861.8999999998812, 91.80727497853258
861.9333333332145, 92.9069208043125
861.9666666665478, 93.9623537651168
861.9999999998811, 94.8764945923906
862.0333333332144, 95.54018647101884
862.0666666665477, 95.84427257514598
862.099999999881, 95.67959607891642
862.1333333332143, 94.97296033642048
862.1666666665476, 93.8651556016731
862.1999999998809, 92.57580593369218
862.2333333332142, 91.32465891971923
862.2666666665475, 90.33146214699586
862.2999999998808, 89.78469572376544
862.3333333332141, 89.5991002349923
862.3666666665474, 89.5477898643903
862.3999999998807, 89.40268789400152
862.433333333214, 88.93571760586809
862.4666666665473, 87.95025909658072
862.4999999998806, 86.671332742449
862.5333333332139, 85.62515097061184
862.5666666665472, 85.3444355209476
862.5999999998805, 86.36190813333462
862.6333333332138, 89.1849108908518
862.6666666665471, 93.76149326453839
862.6999999998804, 99.49366182131726
862.7333333332137, 105.76069389040633
862.766666666547, 111.9418668010235
862.7999999998804, 117.42056177876101
862.8333333332137, 121.74874455903607
862.866666666547, 124.70275971462148
862.8999999998803, 126.07450128719461
862.9333333332136, 125.65586331843284
862.9666666665469, 123.24175185033044
862.9999999998802, 118.92010059091166
863.0333333332135, 113.3130824157632
863.0666666665468, 107.09964969186753
863.0999999998801, 100.95875478620717
863.1333333332134, 95.56879173237165
863.1666666665467, 91.38396091534037
863.19999999988, 88.29224991099082
863.2333333332133, 86.09363468110537
863.2666666665466, 84.58809118746642
863.2999999998799, 83.5755969015849
863.3333333332132, 82.88259297016047
863.3666666665465, 82.42941544388663
863.3999999998798, 82.15721524577714
863.4333333332131, 82.00714329884573
863.4666666665464, 81.92035052610615
863.4999999998797, 81.84108670149855
863.533333333213, 81.72915423306526
863.5666666665463, 81.54922427924215
863.5999999998796, 81.26596967811884
863.6333333332129, 80.84406326778488
863.6666666665462, 80.26152163358879
863.6999999998795, 79.5918928344223
863.7333333332128, 78.95036354874792
863.7666666665461, 78.45229288314485
863.7999999998794, 78.2130399441923
863.8333333332127, 78.33245961461056
863.866666666546, 78.74809347097658
863.8999999998794, 79.30069151928946
863.9333333332127, 79.82971202436136
863.966666666546, 80.17461325100437
863.9999999998793, 80.18442741897553
864.0333333332126, 79.86165465597344
864.0666666665459, 79.33238657342562
864.0999999998792, 78.72622551049596
864.1333333332125, 78.17277380634832
864.1666666665458, 77.79821663363532
864.1999999998791, 77.63803885417144
864.2333333332124, 77.62974186447583
864.2666666665457, 77.70595053903371
864.299999999879, 77.79928975233035
864.3333333332123, 77.84305443911575
864.3666666665456, 77.8042716462061
864.3999999998789, 77.69883709596319
864.4333333332122, 77.54647489104876
864.4666666665455, 77.36690913412467
864.4999999998788, 77.17975526571252
864.5333333332121, 76.99118638420005
864.5666666665454, 76.78110879610715
864.5999999998787, 76.52638850400714
864.633333333212, 76.20389151047341
864.6666666665453, 75.79054402172221
864.6999999998786, 75.29705698316599
864.7333333332119, 74.82414642544991
864.7666666665452, 74.48735303805694
864.7999999998785, 74.40221751047005
864.8333333332118, 74.68427928679732
864.8666666665451, 75.3884177048501
864.8999999998784, 76.34650568177075
864.9333333332117, 77.339181744195
864.966666666545, 78.14708441875861
864.9999999998784, 78.55085223209731
865.0333333332117, 78.39530567453255
865.066666666545, 77.85245417062245
865.0999999998783, 77.19830264179805
865.1333333332116, 76.70889914473968
865.1666666665449, 76.66029173612772
865.1999999998782, 77.28808944734531
865.2333333332115, 78.53984253692441
865.2666666665448, 80.23810471402223
865.2999999998781, 82.20492303268917
865.3333333332114, 84.26234454697558
865.3666666665447, 86.24297795066614
865.399999999878, 88.08683297447072
865.4333333332113, 89.79654472464148
865.4666666665446, 91.37552968065208
865.4999999998779, 92.82720432197621
865.5333333332112, 94.14893831442527
865.5666666665445, 95.24685889797198
865.5999999998778, 95.95646181251514
865.6333333332111, 96.11140307033853
865.6666666665444, 95.5453386837258
865.6999999998777, 94.10942502236121
865.733333333211, 92.07249379243187
865.7666666665443, 90.12965612658397
865.7999999998776, 88.99524455714756
865.8333333332109, 89.38359161645273
865.8666666665442, 91.99489588867289
865.8999999998775, 96.93608394761485
865.9333333332108, 103.51704969874619
865.9666666665441, 110.99168414912799
865.9999999998774, 118.61387830582123
866.0333333332107, 125.64096224190153
866.066666666544, 131.6368555304343
866.0999999998774, 136.709570815973
866.1333333332107, 141.02301719329364
866.166666666544, 144.74110375717225
866.1999999998773, 148.02638331184536
866.2333333332106, 150.66251748178894
866.2666666665439, 151.53781250121241
866.2999999998772, 149.41127899782416
866.3333333332105, 143.0419275993327
866.3666666665438, 131.1897550983678
866.3999999998771, 115.31975273699459
866.4333333332104, 105.49934827197006
866.4666666665437, 113.5021950678355
866.499999999877, 151.1019464891321
866.5333333332103, 230.07225590040116
866.5666666665436, 356.721810436266
866.5999999998769, 513.7923624192246
866.6333333332102, 677.6743552069402
866.6666666665435, 824.7581394036977
866.6999999998768, 931.4340656137817
866.7333333332101, 978.1974789560644
866.7666666665434, 969.6082440138025
866.7999999998767, 918.9682221811462
866.83333333321, 839.5916595880047
866.8666666665433, 744.7928023642867
866.8999999998766, 647.0922513314181
866.9333333332099, 552.6147700168875
866.9666666665432, 464.39697810130394
866.9999999998765, 385.4554988763328
867.0333333332098, 318.8069556336396
867.0666666665431, 267.1653125542278
867.0999999998764, 229.81319614986904
867.1333333332097, 203.86012366705086
867.166666666543, 186.38117744058604
867.1999999998764, 174.45143980528724
867.2333333332097, 165.23609020905556
867.266666666543, 157.39366407873058
867.2999999998763, 150.81141110848375
867.3333333332096, 145.4131176853699
867.3666666665429, 141.122570196444
867.3999999998762, 137.85622960533905
867.4333333332095, 135.34187276511074
867.4666666665428, 133.10663767906865
867.4999999998761, 130.6679431502937
867.5333333332094, 127.54320798186674
867.5666666665427, 123.27358767960166
867.599999999876, 118.44863062970633
867.6333333332093, 115.09727750093397
867.6666666665426, 115.3528766620869
867.6999999998759, 121.34877648196733
867.7333333332092, 135.19623076032397
867.7666666665425, 157.0243618334087
867.7999999998758, 183.43772750173684
867.8333333332091, 210.67788931276638
867.8666666665424, 234.98640881395525
867.8999999998757, 252.61143711120113
867.933333333209, 261.4745867757218
867.9666666665423, 263.37706604134695
867.9999999998756, 260.66839761006463
868.0333333332089, 255.69810418386305
868.0666666665422, 250.81529880492354
868.0999999998755, 247.66848167528792
868.1333333332088, 245.76980851580922
868.1666666665421, 244.22569028236052
868.1999999998754, 242.14253793081494
868.2333333332087, 238.62676241704565
868.266666666542, 233.0224171550578
868.2999999998754, 225.63349172896937
868.3333333332087, 217.00632437618629
868.366666666542, 207.68725334249316
868.3999999998753, 198.22261687367478
868.4333333332086, 189.18193189962443
868.4666666665419, 181.2589263170553
868.4999999998752, 175.18876012859766
868.5333333332085, 171.70662202716534
868.5666666665418, 171.5477007056721
868.5999999998751, 175.20553219303133
868.6333333332084, 181.44449745286522
868.6666666665417, 188.27564958695353
868.699999999875, 193.70692898695523
868.7333333332083, 195.74627604452928
868.7666666665416, 192.6285886274194
868.7999999998749, 184.7907290344255
868.8333333332082, 173.9071320791071
868.8666666665415, 161.6660006415175
868.8999999998748, 149.75553760170988
868.9333333332081, 139.77923612016366
868.9666666665414, 132.1970460594787
868.9999999998747, 126.64799934367363
869.033333333208, 122.75317379813836
869.0666666665413, 120.13364724826302
869.0999999998746, 118.41605277983096
869.1333333332079, 117.33563294672788
869.1666666665412, 116.72655383500394
869.1999999998745, 116.42659430352731
869.2333333332078, 116.27353321116617
869.2666666665411, 116.10768521309612
869.2999999998744, 115.84569696183637
869.3333333332077, 115.49213610830476
869.366666666541, 115.05643842581883
869.3999999998744, 114.54803968769595
869.4333333332077, 113.97677757667624
869.466666666541, 113.37299850314808
869.4999999998743, 112.79692111471039
869.5333333332076, 112.31112209850968
869.5666666665409, 111.97817814169252
869.5999999998742, 111.86003058738103
869.6333333332075, 111.95402287373037
869.6666666665408, 112.13815477442479
869.6999999998741, 112.27753080712515
869.7333333332074, 112.2372554894923
869.7666666665407, 111.88267416073583
869.799999999874, 111.14545925178668
869.8333333332073, 110.11358153724275
869.8666666665406, 108.8975115421114
869.8999999998739, 107.60771979139999
869.9333333332072, 106.3547076905264
869.9666666665405, 105.29801654399742
869.9999999998738, 104.74563453615723
870.0333333332071, 105.03353085449788
870.0666666665404, 106.49767468651156
870.0999999998737, 109.47403512266975
870.133333333207, 114.06280660945528
870.1666666665403, 119.44204901231492
870.1999999998736, 124.56441356158464
870.2333333332069, 128.38255148760044
870.2666666665402, 129.8491140206982
870.2999999998735, 128.18501464229675
870.3333333332068, 123.96791049578596
870.3666666665401, 118.20337664597068
870.3999999998734, 111.89715005034103
870.4333333332067, 106.05496766638703
870.46666666654, 101.55115562220617
870.4999999998734, 98.39755577135958
870.5333333332067, 96.25823243233152
870.56666666654, 94.79628823317674
870.5999999998733, 93.67482580195002
870.6333333332066, 92.58789022078386
870.6666666665399, 91.49571167056098
870.6999999998732, 90.49426229497942
870.7333333332065, 89.68059741510696
870.7666666665398, 89.15177235201136
870.7999999998731, 89.0136186768022
870.8333333332064, 89.47263899629935
870.8666666665397, 90.79964829534767
870.899999999873, 93.26650518703337
870.9333333332063, 97.14506828444274
870.9666666665396, 102.65927027243097
870.9999999998729, 109.28056159592616
871.0333333332062, 115.88249105606856
871.0666666665395, 121.32211101144826
871.0999999998728, 124.45647382065535
871.1333333332061, 124.19186938034429
871.1666666665394, 120.5342192140567
871.1999999998727, 114.57114009352684
871.233333333206, 107.43589874866433
871.2666666665393, 100.26176190937886
871.2999999998726, 94.16293705978877
871.3333333332059, 89.6128991287173
871.3666666665392, 86.30651670006472
871.3999999998725, 83.89169560705048
871.4333333332058, 82.0163416828939
871.4666666665391, 80.33371345707342
871.4999999998724, 78.79226600111603
871.5333333332057, 77.78367251679725
871.566666666539, 77.7361047587615
871.5999999998724, 79.07773448165318
871.6333333332057, 82.23220929854841
871.666666666539, 87.15303380356264
871.6999999998723, 92.91949212636958
871.7333333332056, 98.51564595820257
871.7666666665389, 102.92555699029501
871.7999999998722, 105.13519929523333
871.8333333332055, 104.6103174163748
871.8666666665388, 101.92612991878406
871.8999999998721, 97.81421797274083
871.9333333332054, 93.00616274852486
871.9666666665387, 88.23338054951262
871.999999999872, 84.05593195125137
872.0333333332053, 80.53847782052239
872.0666666665386, 77.65667602438077
872.0999999998719, 75.38618442988158
872.1333333332052, 73.70266031316902
872.1666666665385, 72.56240041960056
872.1999999998718, 71.85139460199812
872.2333333332051, 71.43967818379548
872.2666666665384, 71.19728648842637
872.2999999998717, 70.99425483932455
872.333333333205, 70.72570608842888
872.3666666665383, 70.40132773242614
872.3999999998716, 70.06349144446727
872.4333333332049, 69.75457136257178
872.4666666665382, 69.51694162475914
872.4999999998715, 69.3809444599084
872.5333333332048, 69.30779256335195
872.5666666665381, 69.23405690461158
872.5999999998714, 69.09627818624523
872.6333333332047, 68.83099711081081
872.666666666538, 68.38553473576142
872.6999999998714, 67.78551257632638
872.7333333332047, 67.09111645486338
872.766666666538, 66.36268418782475
872.7999999998713, 65.6605535916628
872.8333333332046, 65.03841351745714
872.8666666665379, 64.488330012175
872.8999999998712, 63.96897596137678
872.9333333332045, 63.43869455236867
872.9666666665378, 62.85582897245682
872.9999999998711, 62.189433261006634
873.0333333332044, 61.537084750919114
873.0666666665377, 61.081223544525066
873.099999999871, 61.00579410914774
873.1333333332043, 61.494740912110366
873.1666666665376, 62.71395802189734
873.1999999998709, 64.54298097716638
873.2333333332042, 66.63227601641962
873.2666666665375, 68.62589609064983
873.2999999998708, 70.16789415084973
873.3333333332041, 70.91828477946541
873.3666666665374, 70.8818493778862
873.3999999998707, 70.39615810905931
873.433333333204, 69.81234621687828
873.4666666665373, 69.48154894523661
873.4999999998706, 69.74541068722502
873.5333333332039, 70.65471665003395
873.5666666665372, 71.92225232477043
873.5999999998705, 73.24181751410035
873.6333333332038, 74.30721202068959
873.6666666665371, 74.81705475130487
873.6999999998704, 74.69223787745155
873.7333333332037, 74.16440367539437
873.766666666537, 73.48833407750506
873.7999999998704, 72.9188110161553
873.8333333332037, 72.70863416294068
873.866666666537, 72.96039815653151
873.8999999998703, 73.52386077120978
873.9333333332036, 74.22450969914804
873.9666666665369, 74.88783263251881
873.9999999998702, 75.33993947975715
874.0333333332035, 75.49591238259852
874.0666666665368, 75.4515286395862
874.0999999998701, 75.32447270978031
874.1333333332034, 75.23242905224085
874.1666666665367, 75.29295230486134
874.19999999987, 75.57893489564314
874.2333333332033, 76.05349429351867
874.2666666665366, 76.66318659549889
874.2999999998699, 77.35456789859475
874.3333333332032, 78.07420907253515
874.3666666665365, 78.7891520290563
874.3999999998698, 79.52754576055469
874.4333333332031, 80.32889125540002
874.4666666665364, 81.23268950196201
874.4999999998697, 82.27844095391421
874.533333333203, 83.48753468747232
874.5666666665363, 84.81551690600698
874.5999999998696, 86.20297579762078
874.6333333332029, 87.59049955041625
874.6666666665362, 88.91867635249599
874.6999999998695, 90.1460353807728
874.7333333332028, 91.31055547877693
874.7666666665361, 92.47220075144642
874.7999999998694, 93.69093607823434
874.8333333332027, 95.0267263385938
874.866666666536, 96.52561310240326
874.8999999998694, 98.1585784313803
874.9333333332027, 99.87142343030301
874.966666666536, 101.60993078557976
874.9999999998693, 103.31988318361898
875.0333333332026, 104.95088804038964
875.0666666665359, 106.47770286448848
875.0999999998692, 107.88524374963939
875.1333333332025, 109.15845515210395
875.1666666665358, 110.28228152814383
875.1999999998691, 111.24470922825307
875.2333333332024, 112.05823805797047
875.2666666665357, 112.74720357111133
875.299999999869, 113.33601795419563
875.3333333332023, 113.84909339374339
875.3666666665356, 114.30837251100434
875.3999999998689, 114.71122207633665
875.4333333332022, 115.04091807751192
875.4666666665355, 115.28056956996414
875.4999999998688, 115.41328560912716
875.5333333332021, 115.4213731813341
875.5666666665354, 115.27717473638528
875.5999999998687, 114.94628618780894
875.633333333202, 114.39417582620969
875.6666666665353, 113.58631194219222
875.6999999998686, 112.49527395717396
875.7333333332019, 111.20557740037576
875.7666666665352, 109.8908266996747
875.7999999998685, 108.7270931875928
875.8333333332018, 107.89044819665204
875.8666666665351, 107.55147730731734
875.8999999998684, 107.76917922299816
875.9333333332017, 108.4985134034631
875.966666666535, 109.69046540453948
875.9999999998684, 111.29602078205447
876.0333333332017, 113.26365120783869
876.066666666535, 115.4739984745411
876.0999999998683, 117.73379773768177
876.1333333332016, 119.84605211181645
876.1666666665349, 121.61376471150085
876.1999999998682, 122.84237947286671
876.2333333332015, 123.42780893028521
876.2666666665348, 123.38099348207714
876.2999999998681, 122.72031518898261
876.3333333332014, 121.46415611174154
876.3666666665347, 119.63228633813553
876.399999999868, 117.31859902979922
876.4333333332013, 114.72690027884786
876.4666666665346, 112.06989227671603
876.4999999998679, 109.56027721483821
876.5333333332012, 107.40939240062843
876.5666666665345, 105.71627900729794
876.5999999998678, 104.38573704675778
876.6333333332011, 103.3032536802178
876.6666666665344, 102.35431606888791
876.6999999998677, 101.42474526834192
876.733333333201, 100.44708041858065
876.7666666665343, 99.44820729334027
876.7999999998676, 98.46637338186892
876.8333333332009, 97.5398261734148
876.8666666665342, 96.70677956985547
876.8999999998675, 95.9961051255011
876.9333333332008, 95.41461639355182
876.9666666665341, 94.96594464356745
876.9999999998674, 94.65372114510768
877.0333333332007, 94.48155964752071
877.066666666534, 94.44029650378336
877.0999999998674, 94.48543907410418
877.1333333332007, 94.56643974328705
877.166666666534, 94.63275089613578
877.1999999998673, 94.63382992937119
877.2333333332006, 94.53679022721829
877.2666666665339, 94.3659971490737
877.2999999998672, 94.15739998621622
877.3333333332005, 93.94694802992464
877.3666666665338, 93.77059055021893
877.3999999998671, 93.65945059825128
877.4333333332004, 93.62628749534306
877.4666666665337, 93.67949355317866
877.499999999867, 93.82746108344239
877.5333333332003, 94.07858239781868
877.5666666665336, 94.43219026323024
877.5999999998669, 94.847215790196
877.6333333332002, 95.27133193239266
877.6666666665335, 95.65221116243227
877.6999999998668, 95.93752595292689
877.7333333332001, 96.0890904475397
877.7666666665334, 96.14254255637373
877.7999999998667, 96.15753099764939
877.8333333332, 96.1937173640605
877.8666666665333, 96.31076324830089
877.8999999998666, 96.55681441432239
877.9333333331999, 96.90963619542067
877.9666666665332, 97.32041267766257
877.9999999998665, 97.7402786042179
878.0333333331998, 98.12036871825644
878.0666666665331, 98.42183802479983
878.0999999998664, 98.67764241608721
878.1333333331997, 98.95205742806468
878.166666666533, 99.3094887760241
878.1999999998663, 99.81434217525734
878.2333333331997, 100.51941823203133
878.266666666533, 101.37974963849075
878.2999999998663, 102.30136992967503
878.3333333331996, 103.18994604366164
878.3666666665329, 103.95114491852807
878.3999999998662, 104.50047480243349
878.4333333331995, 104.8513226447867
878.4666666665328, 105.07316946569715
878.4999999998661, 105.23615988635393
878.5333333331994, 105.41043852794625
878.5666666665327, 105.66308684876009
878.599999999866, 106.02501874877673
878.6333333331993, 106.5035463567734
878.6666666665326, 107.10557622727262
878.6999999998659, 107.83801491479683
878.7333333331992, 108.70432669041999
878.7666666665325, 109.65937529023259
878.7999999998658, 110.62204447468648
878.8333333331991, 111.51037158175377
878.8666666665324, 112.24239394940658
878.8999999998657, 112.7442032255085
878.933333333199, 113.07910889873307
878.9666666665323, 113.42530287338232
878.9999999998656, 113.96452003307178
879.0333333331989, 114.87849526141706
879.0666666665322, 116.33783956054313
879.0999999998655, 118.28188947685514
879.1333333331988, 120.43158807538259
879.1666666665321, 122.49933338699081
879.1999999998654, 124.19752344254532
879.2333333331987, 125.24540805093697
879.266666666532, 125.53852755516323
879.2999999998653, 125.1597732962526
879.3333333331987, 124.2011030540467
879.366666666532, 122.75447460838723
879.3999999998653, 120.91213180002698
879.4333333331986, 118.7755857983055
879.4666666665319, 116.45741208884496
879.4999999998652, 114.07083515822298
879.5333333331985, 111.72907949301705
879.5666666665318, 109.54495908068142
879.5999999998651, 107.61417787753028
879.6333333331984, 106.00952297064056
879.6666666665317, 104.80217840560955
879.699999999865, 104.06332822803458
879.7333333331983, 103.86139819029161
879.7666666665316, 104.11281616915709
879.7999999998649, 104.50586424892707
879.8333333331982, 104.71004479752195
879.8666666665315, 104.39486018286199
879.8999999998648, 103.2332341884305
879.9333333331981, 101.15619743565316
879.9666666665314, 98.52859653115864
879.9999999998647, 95.7568395176141
880.033333333198, 93.24733443768672
880.0666666665313, 91.40437618210052
880.0999999998646, 90.40383178383021
880.1333333331979, 89.99188373170172
880.1666666665312, 89.86724008407067
880.1999999998645, 89.72860889929265
880.2333333331978, 89.27559973587103
880.2666666665311, 88.35633863013786
880.2999999998644, 87.13149580236325
880.3333333331977, 85.80126036932928
880.366666666531, 84.56582144781812
880.3999999998643, 83.62502816732639
880.4333333331977, 83.08563358323559
880.466666666531, 82.83526479514342
880.4999999998643, 82.73004567142408
880.5333333331976, 82.62610008045179
880.5666666665309, 82.37967841736167
880.5999999998642, 81.91258498934477
880.6333333331975, 81.31916308359551
880.6666666665308, 80.7218063852689
880.6999999998641, 80.24290857951983
880.7333333331974, 80.00481640916405
880.7666666665307, 80.07297248168798
880.799999999864, 80.34539351031918
880.8333333331973, 80.68945840000227
880.8666666665306, 80.97254605568182
880.8999999998639, 81.06204581151226
880.9333333331972, 80.86981714522895
880.9666666665305, 80.45390487064864
880.9999999998638, 79.90234764244995
881.0333333331971, 79.30318411531145
881.0666666665304, 78.74445216005884
881.0999999998637, 78.27843833219492
881.133333333197, 77.82624766708088
881.1666666665303, 77.27890505830526
881.1999999998636, 76.52743539945659
881.2333333331969, 75.46286358412347
881.2666666665302, 74.02862545512886
881.2999999998635, 72.38247418743258
881.3333333331968, 70.73693660174172
881.3666666665301, 69.30453954003146
881.3999999998634, 68.29780984427705
881.4333333331967, 67.8757002759997
881.46666666653, 67.95352607162688
881.4999999998633, 68.37738045363743
881.5333333331967, 68.99335188008013
881.56666666653, 69.64752880900377
881.5999999998633, 70.22255067817461
881.6333333331966, 70.78559195269705
881.6666666665299, 71.46193069357635
881.6999999998632, 72.37686649379641
881.7333333331965, 73.65569894634115
881.7666666665298, 75.38164349389818
881.7999999998631, 77.40236201814676
881.8333333331964, 79.4836067442466
881.8666666665297, 81.39104748305809
881.899999999863, 82.89035404544165
881.9333333331963, 83.80657747369189
881.9666666665296, 84.33286141245154
881.9999999998629, 84.8032059463565
882.0333333331962, 85.5518958432163
882.0666666665295, 86.91321587084046
882.0999999998628, 89.16708678241822
882.1333333331961, 92.22049735531827
882.1666666665294, 95.82394523657291
882.1999999998627, 99.72739155706265
882.233333333196, 103.68079744766801
882.2666666665293, 107.43114293532963
882.2999999998626, 110.70278801120426
882.3333333331959, 113.20971962901015
882.3666666665292, 114.66587056823654
882.3999999998625, 114.78517360837267
882.4333333331958, 113.34604492304885
882.4666666665291, 110.66797027074952
882.4999999998624, 107.34070235456134
882.5333333331957, 103.95599058549499
882.566666666529, 101.10558437456113
882.5999999998623, 99.32664280999074
882.6333333331957, 98.6498073589098
882.666666666529, 98.83098970452089
882.6999999998623, 99.62338077511744
882.7333333331956, 100.7801714989928
882.7666666665289, 102.0662695373404
882.7999999998622, 103.366817048619
882.8333333331955, 104.63755976554074
882.8666666665288, 105.83514331706186
882.8999999998621, 106.91621333213871
882.9333333331954, 107.84553183516903
882.9666666665287, 108.68000709337124
882.999999999862, 109.53496516829016
883.0333333331953, 110.52666044477087
883.0666666665286, 111.77134730765842
883.0999999998619, 113.37204413980633
883.1333333331952, 115.26543454450207
883.1666666665285, 117.2746570806555
883.1999999998618, 119.22065710490915
883.2333333331951, 120.92437997390559
883.2666666665284, 122.22070204232502
883.2999999998617, 123.1384122409127
883.333333333195, 123.8484718362063
883.3666666665283, 124.52511155701166
883.3999999998616, 125.34256213213457
883.4333333331949, 126.46568765127927
883.4666666665282, 127.91482460500224
883.4999999998615, 129.59677097362965
883.5333333331948, 131.41526928800948
883.5666666665281, 133.2740620789896
883.5999999998614, 135.08024139538995
883.6333333331947, 136.79824392120113
883.666666666528, 138.4406650252065
883.6999999998613, 140.02159483377253
883.7333333331947, 141.55512347326567
883.766666666528, 143.0520755411677
883.7999999998613, 144.46118065185914
883.8333333331946, 145.67554279925346
883.8666666665279, 146.58629923257632
883.8999999998612, 147.08458720105338
883.9333333331945, 147.06893603874795
883.9666666665278, 146.59417340531235
883.9999999998611, 145.86416311211585
884.0333333331944, 145.08870758985836
884.0666666665277, 144.47760926923988
884.099999999861, 144.23410220105816
884.1333333331943, 144.40680299627073
884.1666666665276, 144.88771552545413
884.1999999998609, 145.5618761986072
884.2333333331942, 146.3143214257288
884.2666666665275, 147.0316868277747
884.2999999998608, 147.64257202166044
884.3333333331941, 148.1206389954247
884.3666666665274, 148.44176960901487
884.3999999998607, 148.58184572237832
884.433333333194, 148.51869164147945
884.4666666665273, 148.28702624471305
884.4999999998606, 147.98621329685486
884.5333333331939, 147.7191170008243
884.5666666665272, 147.58860155954068
884.5999999998605, 147.6942474332714
884.6333333331938, 148.02812851994554
884.6666666665271, 148.4533162718726
884.6999999998604, 148.8252543942191
884.7333333331937, 148.9993865921515
884.766666666527, 148.83481416464957
884.7999999998603, 148.3246683889583
884.8333333331937, 147.6316119019887
884.866666666527, 146.92918832883018
884.8999999998603, 146.39094129457226
884.9333333331936, 146.18760886462422
884.9666666665269, 146.37470176310453
884.9999999998602, 146.85438110539397
885.0333333331935, 147.518182214412
885.0666666665268, 148.25764041307798
885.0999999998601, 148.96515016954191
885.1333333331934, 149.5727064593199
885.1666666665267, 150.06765277203718
885.19999999986, 150.44145243812744
885.2333333331933, 150.68556878802454
885.2666666665266, 150.79200260462824
885.2999999998599, 150.78059062775068
885.3333333331932, 150.7119536832988
885.3666666665265, 150.6499586993947
885.3999999998598, 150.6584726041606
885.4333333331931, 150.80076993361163
885.4666666665264, 151.10561165029372
885.4999999998597, 151.54884664353102
885.533333333193, 152.10183980100317
885.5666666665263, 152.7359560103898
885.5999999998596, 153.42217843634253
885.6333333331929, 154.1064489599163
885.6666666665262, 154.69461356178024
885.6999999998595, 155.08891481002303
885.7333333331928, 155.19159527273334
885.7666666665261, 154.9061175094677
885.7999999998594, 154.22612510221305
885.8333333331927, 153.29579428685432
885.866666666526, 152.27359402464242
885.8999999998593, 151.31799327682853
885.9333333331926, 150.58632418257787
885.966666666526, 150.1411839864524
885.9999999998593, 149.88062478216452
886.0333333331926, 149.68625130384783
886.0666666665259, 149.4396682856359
886.0999999998592, 149.022882053097
886.1333333331925, 148.3556327531321
886.1666666665258, 147.42572887383645
886.1999999998591, 146.2281175557863
886.2333333331924, 144.75774593955788
886.2666666665257, 143.0103633490916
886.299999999859, 141.06668632469254
886.3333333331923, 139.16631388785257
886.3666666665256, 137.56627140719078
886.3999999998589, 136.5235842513262
886.4333333331922, 136.29367167756817
886.4666666665255, 136.94031134451143
886.4999999998588, 138.15652671809116
886.5333333331921, 139.59294457713824
886.5666666665254, 140.90019170048362
886.5999999998587, 141.7295431791339
886.633333333192, 141.8193123377384
886.6666666665253, 141.08168436553945
886.6999999998586, 139.44951233091925
886.7333333331919, 136.85564930226008
886.7666666665252, 133.2340325730031
886.7999999998585, 128.6820811581801
886.8333333331918, 123.63376612771829
886.8666666665251, 118.56452406161822
886.8999999998584, 113.94979153988042
886.9333333331917, 110.26364269490298
886.966666666525, 107.75000312359461
886.9999999998583, 106.16551083255459
887.0333333331916, 105.20474952411885
887.066666666525, 104.56230290062335
887.0999999998583, 103.9333197219758
887.1333333331916, 103.11953556676669
887.1666666665249, 102.15431588111552
887.1999999998582, 101.10143129146283
887.2333333331915, 100.02465242424914
887.2666666665248, 98.98765131392749
887.2999999998581, 98.03341784445591
887.3333333331914, 97.15890454916594
887.3666666665247, 96.35485139542413
887.399999999858, 95.61199835059715
887.4333333331913, 94.92105202623577
887.4666666665246, 94.26497622470404
887.4999999998579, 93.60911755800086
887.5333333331912, 92.91638500246997
887.5666666665245, 92.14968753445511
887.5999999998578, 91.27206659840444
887.6333333331911, 90.28038777427881
887.6666666665244, 89.25001832316676
887.6999999998577, 88.26743426387006
887.733333333191, 87.4191116151905
887.7666666665243, 86.7913470876431
887.7999999998576, 86.42042356766888
887.8333333331909, 86.22447260082619
887.8666666665242, 86.10456967548329
887.8999999998575, 85.96179028000853
887.9333333331908, 85.69737232708698
887.9666666665241, 85.26165195320593
887.9999999998574, 84.72277610306814
888.0333333331907, 84.16619749866291
888.066666666524, 83.67736886197962
888.0999999998573, 83.3415847824414
888.1333333331906, 83.19279667384453
888.166666666524, 83.14009106150836
888.1999999998573, 83.07393634468305
888.2333333331906, 82.88480092261872
888.2666666665239, 82.46337443240235
888.2999999998572, 81.77674410694121
888.3333333331905, 80.97990159794108
888.3666666665238, 80.25620827544623
888.3999999998571, 79.78902550950093
888.4333333331904, 79.76140009691427
888.4666666665237, 80.24208102551181
888.499999999857, 81.01612259153075
888.5333333331903, 81.82531460016564
888.5666666665236, 82.41144685661097
888.5999999998569, 82.51667475589737
888.6333333331902, 82.02132466964869
888.6666666665235, 81.15105610282995
888.6999999998568, 80.18459580238964
888.7333333331901, 79.40067051527632
888.7666666665234, 79.07767437728005
888.7999999998567, 79.36481608496622
888.83333333319, 80.08689601604124
888.8666666665233, 81.01860301526658
888.8999999998566, 81.93462592740366
888.9333333331899, 82.60991266665664
888.9666666665232, 82.92153005484226
888.9999999998565, 83.00363668250644
889.0333333331898, 83.03021501435653
889.0666666665231, 83.17524751509997
889.0999999998564, 83.61248045636012
889.1333333331897, 84.42237222179914
889.166666666523, 85.45044162929838
889.1999999998563, 86.50580135874067
889.2333333331896, 87.39756409000876
889.266666666523, 87.93510774615716
889.2999999998563, 88.0314461327896
889.3333333331896, 87.86010935278718
889.3666666665229, 87.63491497420216
889.3999999998562, 87.56968056508688
889.4333333331895, 87.8779643390946
889.4666666665228, 88.67433666247877
889.4999999998561, 89.82554236064014
889.5333333331894, 91.16017139652658
889.5666666665227, 92.50681373308589
889.599999999856, 93.69427707341005
889.6333333331893, 94.63155990920005
889.6666666665226, 95.4271756145785
889.6999999998559, 96.22014442144139
889.7333333331892, 97.14948656168472
889.7666666665225, 98.35402474981763
889.7999999998558, 99.90320657890466
889.8333333331891, 101.6953241008348
889.8666666665224, 103.60274088751724
889.8999999998557, 105.49782051086119
889.933333333189, 107.2530727979012
889.9666666665223, 108.78946310390371
889.9999999998556, 110.1462392134115
890.0333333331889, 111.38035857454446
890.0666666665222, 112.54877863542248
890.0999999998555, 113.70848675804531
890.1333333331888, 114.92572411604837
890.1666666665221, 116.28903394608287
890.1999999998554, 117.89025157746273
890.2333333331887, 119.82121233950187
890.266666666522, 122.17345353806095
890.2999999998553, 124.95322297475398
890.3333333331886, 127.96426582717989
890.366666666522, 130.98092921461682
890.3999999998553, 133.77756025634304
890.4333333331886, 136.1288930606515
890.4666666665219, 137.91127414550905
890.4999999998552, 139.23822126374316
890.5333333331885, 140.2570294041905
890.5666666665218, 141.114993555688
890.5999999998551, 141.95919970128693
890.6333333331884, 142.88674766217804
890.6666666665217, 143.8802856395647
890.699999999855, 144.90651193069584
890.7333333331883, 145.9321248328205
890.7666666665216, 146.9237994421995
890.7999999998549, 147.8431884179965
890.8333333331882, 148.64068727585857
890.8666666665215, 149.26516036451426
890.8999999998548, 149.665472032692
890.9333333331881, 149.79061645191183
890.9666666665214, 149.6148906226629
890.9999999998547, 149.16799255162502
891.033333333188, 148.48695584607205
891.0666666665213, 147.60881411327793
891.0999999998546, 146.57051409079733
891.1333333331879, 145.39382537479673
891.1666666665212, 144.0681227060026
891.1999999998545, 142.5786163409898
891.2333333331878, 140.91051653633312
891.2666666665211, 139.04918031977695
891.2999999998544, 137.00286980961044
891.3333333331877, 134.8274099839695
891.366666666521, 132.58454604131228
891.3999999998543, 130.33602318009687
891.4333333331876, 128.14344039564781
891.466666666521, 126.04807189843952
891.4999999998543, 124.05021545430131
891.5333333331876, 122.1452441686164
891.5666666665209, 120.328531146768
891.5999999998542, 118.59549196171741
891.6333333331875, 116.94679052572276
891.6666666665208, 115.39334338239829
891.6999999998541, 113.9472533945997
891.7333333331874, 112.62062342518266
891.7666666665207, 111.42533109050684
891.799999999854, 110.34854192430087
891.8333333331873, 109.33073715642371
891.8666666665206, 108.30721273445876
891.8999999998539, 107.21326460598948
891.9333333331872, 105.98477517198822
891.9666666665205, 104.61469635383376
891.9999999998538, 103.20003599915312
892.0333333331871, 101.84886225781744
892.0666666665204, 100.66924327969797
892.0999999998537, 99.76836943500697
892.133333333187, 99.17769268077325
892.1666666665203, 98.79563720809007
892.1999999998536, 98.50713915926428
892.2333333331869, 98.19713467660272
892.2666666665202, 97.75151676586718
892.2999999998535, 97.12938637582026
892.3333333331868, 96.41347306500909
892.3666666665201, 95.69842364564745
892.3999999998534, 95.07888492994921
892.4333333331867, 94.64860650265179
892.46666666652, 94.44044680712905
892.4999999998533, 94.38858443263167
892.5333333331866, 94.41818630114312
892.56666666652, 94.45441933464677
892.5999999998533, 94.42287313925412
892.6333333331866, 94.27459965887742
892.6666666665199, 94.00017581327685
892.6999999998532, 93.59358534933185
892.7333333331865, 93.04881201392189
892.7666666665198, 92.36046121056863
892.7999999998531, 91.55640803916835
892.8333333331864, 90.71390307851559
892.8666666665197, 89.91419794990716
892.899999999853, 89.23854427463985
892.9333333331863, 88.76665578219269
892.9666666665196, 88.50504787419862
892.9999999998529, 88.35656766485471
893.0333333331862, 88.21619805787722
893.0666666665195, 87.97892195698255
893.0999999998528, 87.54166103497353
893.1333333331861, 86.88350379433787
893.1666666665194, 86.09438407734932
893.1999999998527, 85.27207183962031
893.233333333186, 84.51433703676325
893.2666666665193, 83.91728101743547
893.2999999998526, 83.51395627876539
893.3333333331859, 83.25654925718752
893.3666666665192, 83.09194500280591
893.3999999998525, 82.96702856572462
893.4333333331858, 82.82914960897357
893.4666666665191, 82.64133069264737
893.4999999998524, 82.38567066886175
893.5333333331857, 82.04542193236068
893.566666666519, 81.60383687788818
893.5999999998523, 81.0448734951848
893.6333333331856, 80.37376831248211
893.666666666519, 79.62028921268794
893.6999999998523, 78.81556436659463
893.7333333331856, 77.9907219449945
893.7666666665189, 77.17696498845324
893.7999999998522, 76.407517760228
893.8333333331855, 75.71780743474228
893.8666666665188, 75.14337247830859
893.8999999998521, 74.71975135723947
893.9333333331854, 74.48047447496336
893.9666666665187, 74.41047756414359
893.999999999852, 74.44472430394885
894.0333333331853, 74.51589476665367
894.0666666665186, 74.55666902453264
894.0999999998519, 74.50351865068558
894.1333333331852, 74.37526998727527
894.1666666665185, 74.27049668302993
894.1999999998518, 74.29104222577689
894.2333333331851, 74.53875010334353
894.2666666665184, 75.10823722369982
894.2999999998517, 75.95305804930713
894.333333333185, 76.89840516661958
894.3666666665183, 77.76479178649635
894.3999999998516, 78.37273111979657
894.4333333331849, 78.55133809531655
894.4666666665182, 78.28079285223345
894.4999999998515, 77.67017934889805
894.5333333331848, 76.83271598471461
894.5666666665181, 75.88162115908736
894.5999999998514, 74.92708330062425
894.6333333331847, 74.03136426995863
894.666666666518, 73.21846117724958
894.6999999998513, 72.51130428187805
894.7333333331846, 71.93282384322501
894.766666666518, 71.50256395204453
894.7999999998513, 71.19178336702865
894.8333333331846, 70.93575240101252
894.8666666665179, 70.66888137526833
894.8999999998512, 70.32558061106832
894.9333333331845, 69.84625892204164
894.9666666665178, 69.24849964220574
894.9999999998511, 68.60345402195671
895.0333333331844, 67.9833522868535
895.0666666665177, 67.46042466245514
895.099999999851, 67.10219778281923
895.1333333331843, 66.92156168827361
895.1666666665176, 66.89617724868968
895.1999999998509, 67.00311908997959
895.2333333331842, 67.21946183805544
895.2666666665175, 67.52072746874886
895.2999999998508, 67.86614568941043
895.3333333331841, 68.20521347660838
895.3666666665174, 68.4872972356392
895.3999999998507, 68.66176337179924
895.433333333184, 68.68312005503827
895.4666666665173, 68.5546321849874
895.4999999998506, 68.30647406374064
895.5333333331839, 67.96910229192203
895.5666666665172, 67.5729734701556
895.5999999998505, 67.14703788285163
895.6333333331838, 66.70733553754535
895.6666666665171, 66.263342961301
895.6999999998504, 65.8244848931595
895.7333333331837, 65.40018607216172
895.766666666517, 65.00251337425415
895.7999999998503, 64.66400138872602
895.8333333331836, 64.42673986140416
895.866666666517, 64.33287241554272
895.8999999998503, 64.42454267439591
895.9333333331836, 64.73150868662466
895.9666666665169, 65.19682650665015
895.9999999998502, 65.72650662655231
896.0333333331835, 66.22642033865483
896.0666666665168, 66.60243893528147
896.0999999998501, 66.77099442322286
896.1333333331834, 66.71529270338443
896.1666666665167, 66.44456253585727
896.19999999985, 65.96809161575993
896.2333333331833, 65.295167638211
896.2666666665166, 64.45222536664521
896.2999999998499, 63.563556438397015
896.3333333331832, 62.78811276012301
896.3666666665165, 62.28488674145106
896.3999999998498, 62.21287079200888
896.4333333331831, 62.67934333628321
896.4666666665164, 63.525474953982645
896.4999999998497, 64.50708307714507
896.533333333183, 65.37994584139453
896.5666666665163, 65.89984138235504
896.5999999998496, 65.88773311490245
896.6333333331829, 65.4666239884837
896.6666666665162, 64.84693614957953
896.6999999998495, 64.23910062803573
896.7333333331828, 63.853548453698075
896.7666666665161, 63.84322379578126
896.7999999998494, 64.12162905974542
896.8333333331827, 64.53993544194219
896.866666666516, 64.94931399189275
896.8999999998493, 65.20093626138137
896.9333333331826, 65.1916126447732
896.966666666516, 64.98867268949782
896.9999999998493, 64.6992626210488
897.0333333331826, 64.43052866491972
897.0666666665159, 64.28961160733695
897.0999999998492, 64.35333998699589
897.1333333331825, 64.5971268646593
897.1666666665158, 64.97520055984447
897.1999999998491, 65.44178939206873
897.2333333331824, 65.95112628867646
897.2666666665157, 66.46398880759357
897.299999999849, 66.9607410796423
897.3333333331823, 67.42539567521494
897.3666666665156, 67.8419651647037
897.3999999998489, 68.19446901094837
897.4333333331822, 68.47090712286067
897.4666666665155, 68.66992886421225
897.4999999998488, 68.79194570696134
897.5333333331821, 68.83736912306614
897.5666666665154, 68.80666453946753
897.5999999998487, 68.71630477618629
897.633333333182, 68.621034915189
897.6666666665153, 68.58119961715839
897.6999999998486, 68.65714354277728
897.7333333331819, 68.90899584968791
897.7666666665152, 69.35911221271225
897.7999999998485, 69.94916026945887
897.8333333331818, 70.61042553552889
897.8666666665151, 71.27419352652332
897.8999999998484, 71.8720420488231
897.9333333331817, 72.36874602434315
897.966666666515, 72.79241869329672
897.9999999998483, 73.17829446724222
898.0333333331816, 73.56160775773806
898.066666666515, 73.97748075852564
898.0999999998483, 74.45222224426105
898.1333333331816, 74.99712702294607
898.1666666665149, 75.62202615867075
898.1999999998482, 76.33675071552513
898.2333333331815, 77.15084903374073
898.2666666665148, 78.0577618077175
898.2999999998481, 79.02644290643508
898.3333333331814, 80.02379492718286
898.3666666665147, 81.01672046725018
898.399999999848, 81.97255231981609
898.4333333331813, 82.87706143616043
898.4666666665146, 83.74101240124222
898.4999999998479, 84.57694924174544
898.5333333331812, 85.39741598435408
898.5666666665145, 86.21486133119866
898.5999999998478, 87.03857229542704
898.6333333331811, 87.87401838808412
898.6666666665144, 88.72644117050129
898.6999999998477, 89.60108220400983
898.733333333181, 90.5035499839291
898.7666666665143, 91.4490841319599
898.7999999998476, 92.46326797979768
898.8333333331809, 93.57219453750689
898.8666666665142, 94.80195681515202
898.8999999998475, 96.17629847048259
898.9333333331808, 97.66928321743131
898.9666666665141, 99.20760027205046
898.9999999998474, 100.71605091365016
899.0333333331807, 102.11943642154068
899.066666666514, 103.3471759470746
899.0999999998473, 104.40850201361314
899.1333333331806, 105.38007566916957
899.166666666514, 106.34067676536884
899.1999999998473, 107.36908515383591
899.2333333331806, 108.53719216217327
899.2666666665139, 109.8184407177422
899.2999999998472, 111.11278556705982
899.3333333331805, 112.31841916221052
899.3666666665138, 113.33353395527878
899.3999999998471, 114.06405918518544
899.4333333331804, 114.50821246027172
899.4666666665137, 114.72488660541002
899.499999999847, 114.77403790530379
899.5333333331803, 114.7156226446565
899.5666666665136, 114.62250696564058
899.5999999998469, 114.69704493497821
899.6333333331802, 115.21629178399287
899.6666666665135, 116.45820474549389
899.6999999998468, 118.7007410522905
899.7333333331801, 122.14663504001261
899.7666666665134, 126.3605489578792
899.7999999998467, 130.58553050049878
899.83333333318, 134.06216925042938
899.8666666665133, 136.03105479022892
899.8999999998466, 135.85922991162093
899.9333333331799, 133.8246987877677
899.9666666665132, 130.60470327785583
899.9999999998465, 126.8781822721509
900.0333333331798, 123.32407466091838
900.0666666665131, 120.52803442192395
900.0999999998464, 118.50336079999772
900.1333333331797, 117.04640151522948
900.166666666513, 115.9530918651027
900.1999999998463, 115.01936714710087
900.2333333331796, 114.07550547943507
900.266666666513, 113.1315158043287
900.2999999998462, 112.256005749768
900.3333333331796, 111.51761518209942
900.3666666665129, 110.98498396766931
900.3999999998462, 110.69600081172881
900.4333333331795, 110.55126379026245
900.4666666665128, 110.41307153924204
900.4999999998461, 110.14372100888133
900.5333333331794, 109.60550935533563
900.5666666665127, 108.70665638126741
900.599999999846, 107.53006406283451
900.6333333331793, 106.20016222611456
900.6666666665126, 104.84138069718516
900.6999999998459, 103.57814125778991
900.7333333331792, 102.50719087756832
900.7666666665125, 101.63569538956517
900.7999999998458, 100.95272814717268
900.8333333331791, 100.44736250378291
900.8666666665124, 100.10866141231637
900.8999999998457, 99.91828129573658
900.933333333179, 99.83746570725557
900.9666666665123, 99.82397164924512
900.9999999998456, 99.83555612407689
901.0333333331789, 99.82992221969678
901.0666666665122, 99.750125612729
901.0999999998455, 99.504799284047
901.1333333331788, 98.99763601383876
901.1666666665121, 98.13232858229226
901.1999999998454, 96.81333584806316
901.2333333331787, 95.04983932629499
901.266666666512, 93.06122050238346
901.2999999998453, 91.0919903126545
901.3333333331786, 89.38665969343398
901.366666666512, 88.187755168832
901.3999999998452, 87.57826404125876
901.4333333331786, 87.36728946945426
901.4666666665119, 87.33696601288341
901.4999999998452, 87.26942823101103
901.5333333331785, 86.9490871404714
901.5666666665118, 86.27915021410497
901.5999999998451, 85.33739892943488
901.6333333331784, 84.21556751476372
901.6666666665117, 83.00539019839405
901.699999999845, 81.79822101931734
901.7333333331783, 80.67164464590579
901.7666666665116, 79.68592241669168
901.7999999998449, 78.90021292156231
901.8333333331782, 78.37367475040494
901.8666666665115, 78.16191107518455
901.8999999998448, 78.22680740482002
901.9333333331781, 78.4293732785795
901.9666666665114, 78.62562872459462
901.9999999998447, 78.671593770997
902.033333333178, 78.430630131306
902.0666666665113, 77.91193588443565
902.0999999998446, 77.25879756721098
902.1333333331779, 76.619488623845
902.1666666665112, 76.14228249855071
902.1999999998445, 75.965028717962
902.2333333331778, 76.06542762042855
902.2666666665111, 76.29572478588683
902.2999999998444, 76.50481069297784
902.3333333331777, 76.54157582034257
902.366666666511, 76.26798096289328
902.3999999998443, 75.70436214582912
902.4333333331776, 74.97637284487591
902.466666666511, 74.21156844222827
902.4999999998442, 73.53750432008087
902.5333333331776, 73.06935142429501
902.5666666665109, 72.80218458571117
902.5999999998442, 72.66360704658467
902.6333333331775, 72.58047235245941
902.6666666665108, 72.47963404887936
902.6999999998441, 72.29726286357855
902.7333333331774, 72.04261325344824
902.7666666665107, 71.75942509498724
902.799999999844, 71.491641620116
902.8333333331773, 71.28320606075499
902.8666666665106, 71.1700459962971
902.8999999998439, 71.13685614540658
902.9333333331772, 71.1481659675333
902.9666666665105, 71.16845644127632
902.9999999998438, 71.16220854523468
903.0333333331771, 71.0993150013387
903.0666666665104, 70.97797758501845
903.0999999998437, 70.80562376218819
903.133333333177, 70.58968605075071
903.1666666665103, 70.33759696860879
903.1999999998436, 70.05185305220317
903.2333333331769, 69.71378568727646
903.2666666665102, 69.29905445754153
903.2999999998435, 68.78331888090301
903.3333333331768, 68.14224004535743
903.3666666665101, 67.3731624227999
903.3999999998434, 66.54957565333126
903.4333333331767, 65.76167487115434
903.46666666651, 65.099655210472
903.4999999998433, 64.65366533530712
903.5333333331766, 64.46735718065955
903.56666666651, 64.450561469254
903.5999999998432, 64.4891801849107
903.6333333331766, 64.46911531144984
903.6666666665099, 64.27651672230942
903.6999999998432, 63.8672344188264
903.7333333331765, 63.36203628892365
903.7666666665098, 62.90553953156487
903.7999999998431, 62.64236134571379
903.8333333331764, 62.71631793841304
903.8666666665097, 63.17249579898433
903.899999999843, 63.86325248144873
903.9333333331763, 64.6186646682679
903.9666666665096, 65.26880904190351
903.9999999998429, 65.6451344087357
904.0333333331762, 65.67134412481893
904.0666666665095, 65.4201565903796
904.0999999998428, 64.97783913656025
904.1333333331761, 64.43065909450347
904.1666666665094, 63.86568423353892
904.1999999998427, 63.403323649438605
904.233333333176, 63.20863060758967
904.2666666665093, 63.44977994339018
904.2999999998426, 64.2949464922382
904.3333333331759, 65.90316151189283
904.3666666665092, 68.1774810690874
904.3999999998425, 70.73670446255834
904.4333333331758, 73.18481161738615
904.4666666665091, 75.12578245865132
904.4999999998424, 76.1801953372935
904.5333333331757, 76.29863827757283
904.566666666509, 75.73528576635938
904.5999999998423, 74.75561453342463
904.6333333331756, 73.62510130854014
904.666666666509, 72.60068806624865
904.6999999998422, 71.81405793680703
904.7333333331756, 71.30170562288858
904.7666666665089, 71.09774759467517
904.7999999998422, 71.2363003223487
904.8333333331755, 71.73661412462161
904.8666666665088, 72.45239848332275
904.8999999998421, 73.13391970572935
904.9333333331754, 73.52986479687964
904.9666666665087, 73.38892076181175
904.999999999842, 72.49816443295053
905.0333333331753, 70.97538088887536
905.0666666665086, 69.10719362637059
905.0999999998419, 67.1815790612738
905.1333333331752, 65.48651360942252
905.1666666665085, 64.27023735922339
905.1999999998418, 63.51265718966662
905.2333333331751, 63.08265944835851
905.2666666665084, 62.848777024292644
905.2999999998417, 62.67954280646265
905.333333333175, 62.466502786406515
905.3666666665083, 62.224008437997675
905.3999999998416, 62.00720901282691
905.4333333331749, 61.871280922756526
905.4666666665082, 61.87140057964882
905.4999999998415, 62.04113358801183
905.5333333331748, 62.32260326671745
905.5666666665081, 62.63375116290416
905.5999999998414, 62.892518673271844
905.6333333331747, 63.01685416514946
905.666666666508, 62.96520027264029
905.6999999998413, 62.83183135291953
905.7333333331746, 62.73947031553866
905.766666666508, 62.8108400700491
905.7999999998412, 63.168572532846845
905.8333333331746, 63.88394986873829
905.8666666665079, 64.89134040392209
905.8999999998412, 66.10254125330938
905.9333333331745, 67.42934953181135
905.9666666665078, 68.7835470999569
905.9999999998411, 70.07427061437193
906.0333333331744, 71.205020765463
906.0666666665077, 72.0785752285762
906.099999999841, 72.59771167905744
906.1333333331743, 72.66625057404566
906.1666666665076, 72.27103824928078
906.1999999998409, 71.54099896577998
906.2333333331742, 70.61898954119734
906.2666666665075, 69.64786679318696
906.2999999998408, 68.76895564146851
906.3333333331741, 68.05516951687328
906.3666666665074, 67.48505853314599
906.3999999998407, 67.03028166101699
906.433333333174, 66.66249787121666
906.4666666665073, 66.353728557849
906.4999999998406, 66.08619552121674
906.5333333331739, 65.85347891740723
906.5666666665072, 65.64975375549844
906.5999999998405, 65.46919504456831
906.6333333331738, 65.30616016581412
906.6666666665071, 65.15848965219944
906.6999999998404, 65.02715255955073
906.7333333331737, 64.9132291335852
906.766666666507, 64.81779962002007
906.7999999998403, 64.74311663182714
906.8333333331736, 64.7073936038181
906.866666666507, 64.74036901665833
906.8999999998402, 64.87203697197457
906.9333333331736, 65.1323915713936
906.9666666665069, 65.54397251674199
906.9999999998402, 66.05452407773299
907.0333333331735, 66.56862930145914
907.0666666665068, 66.99034962552778
907.0999999998401, 67.22374648754634
907.1333333331734, 67.19325364330513
907.1666666665067, 66.9773621878135
907.19999999984, 66.72500314902888
907.2333333331733, 66.5854707404951
907.2666666665066, 66.70805917575582
907.2999999998399, 67.20573013937894
907.3333333331732, 67.98145847151206
907.3666666665065, 68.86294901837502
907.3999999998398, 69.67781012562462
907.4333333331731, 70.25365013891762
907.4666666665064, 70.46635230576139
907.4999999998397, 70.40653339391017
907.533333333173, 70.22449454768343
907.5666666665063, 70.0705392915501
907.5999999998396, 70.09496439489166
907.6333333331729, 70.39118416385675
907.6666666665062, 70.85767849992324
907.6999999998395, 71.35120345249995
907.7333333331728, 71.72851507099563
907.7666666665061, 71.84648089406102
907.7999999998394, 71.62225397105587
907.8333333331727, 71.13269893329222
907.866666666506, 70.48082884899004
907.8999999998393, 69.7696567863693
907.9333333331726, 69.10193065430629
907.966666666506, 68.5401016157254
907.9999999998392, 68.063499018307
908.0333333331725, 67.64118695024607
908.0666666665059, 67.2422294997377
908.0999999998392, 66.83607550129577
908.1333333331725, 66.41811072458363
908.1666666665058, 66.02565504393043
908.1999999998391, 65.69984586230717
908.2333333331724, 65.48182058268492
908.2666666665057, 65.41154724304879
908.299999999839, 65.4855575786036
908.3333333331723, 65.64510111355115
908.3666666665056, 65.82784555003367
908.3999999998389, 65.97145859019327
908.4333333331722, 66.01696865117974
908.4666666665055, 65.98314669648259
908.4999999998388, 65.96675488051278
908.5333333331721, 66.06796580176417
908.5666666665054, 66.38695205873074
908.5999999998387, 67.01588855279009
908.633333333172, 67.92268800470306
908.6666666665053, 68.97720101282309
908.6999999998386, 70.04661276545814
908.7333333331719, 70.99810845091622
908.7666666665052, 71.70717180013736
908.7999999998385, 72.14021508547312
908.8333333331718, 72.31978549952775
908.8666666665051, 72.26925850074005
908.8999999998384, 72.0120095475487
908.9333333331717, 71.5708139512249
908.966666666505, 70.9636606099847
908.9999999998383, 70.20624767644689
909.0333333331716, 69.31425898745555
909.066666666505, 68.30337837985472
909.0999999998382, 67.211847431112
909.1333333331715, 66.21142678412396
909.1666666665049, 65.52282110268567
909.1999999998382, 65.3668090730298
909.2333333331715, 65.96416938138891
909.2666666665048, 67.44073196298645
909.2999999998381, 69.50115788410592
909.3333333331714, 71.73337002387437
909.3666666665047, 73.72528695132605
909.399999999838, 75.06485340529728
909.4333333331713, 75.47586554209845
909.4666666665046, 75.13459503156983
909.4999999998379, 74.31139962726641
909.5333333331712, 73.27663708274315
909.5666666665045, 72.30046720179737
909.5999999998378, 71.57563629705244
909.6333333331711, 71.10026079608234
909.6666666665044, 70.84235347009982
909.6999999998377, 70.76992709031758
909.733333333171, 70.85086216091162
909.7666666665043, 71.03781309466193
909.7999999998376, 71.25427256134661
909.8333333331709, 71.42043919720514
909.8666666665042, 71.45651163847704
909.8999999998375, 71.28414203764284
909.9333333331708, 70.90092568916312
909.9666666665041, 70.41611104065443
909.9999999998374, 69.94787630335651
910.0333333331707, 69.61439968850905
910.066666666504, 69.53152525437729
910.0999999998373, 69.74707229922656
910.1333333331706, 70.23176389444001
910.1666666665039, 70.95216574781143
910.1999999998372, 71.87484356713465
910.2333333331705, 72.96471070746904
910.2666666665039, 74.15652765700327
910.2999999998372, 75.35870983466867
910.3333333331705, 76.47878621965617
910.3666666665038, 77.42428579115672
910.3999999998371, 78.11340927734689
910.4333333331704, 78.5951807622473
910.4666666665037, 79.00635357661214
910.499999999837, 79.48530022127841
910.5333333331703, 80.17039319708314
910.5666666665036, 81.18463932778533
910.5999999998369, 82.51881622383476
910.6333333331702, 84.0962519375613
910.6666666665035, 85.83973574448103
910.6999999998368, 87.67205692011
910.7333333331701, 89.53316814822934
910.7666666665034, 91.46950486120268
910.7999999998367, 93.56828169470423
910.83333333317, 95.91679611466266
910.8666666665033, 98.60234558700675
910.8999999998366, 101.72648487947176
910.9333333331699, 105.45541342876982
910.9666666665032, 109.97364326527418
910.9999999998365, 115.46568759750302
911.0333333331698, 122.11601292731365
911.0666666665031, 129.8731804579181
911.0999999998364, 137.90142015977665
911.1333333331697, 145.20216472038229
911.166666666503, 150.77684682722804
911.1999999998363, 153.62880345330345
911.2333333331696, 153.41088106429467
911.2666666665029, 151.3698579839418
911.2999999998362, 148.99256857889662
911.3333333331695, 147.76584721581096
911.3666666665029, 149.16573736528238
911.3999999998362, 153.60273682536106
911.4333333331695, 159.535919443701
911.4666666665028, 165.2157913391378
911.4999999998361, 168.89285863050702
911.5333333331694, 168.88662310570297
911.5666666665027, 166.59388084634568
911.599999999836, 167.6538244275625
911.6333333331693, 178.01521909498518
911.6666666665026, 203.62683009424558
911.6999999998359, 249.94475667128307
911.7333333331692, 310.208043959657
911.7666666665025, 364.9253556507741
911.7999999998358, 394.00996944737886
911.8333333331691, 377.3751630522157
911.8666666665024, 298.6604156813692
911.8999999998357, 199.11483589914553
911.933333333169, 165.30363900780162
911.9666666665023, 285.01504676595
911.9999999998356, 646.037280932203
912.0333333331689, 1322.4788306240625
912.0666666665022, 2247.293871874527
912.0999999998355, 3270.194943482
912.1333333331688, 4239.819932144332
912.1666666665021, 5004.806724559374
912.1999999998354, 5432.566077840039
912.2333333331687, 5525.1882377221555
912.266666666502, 5343.572911409189
912.2999999998353, 4948.865482803686
912.3333333331686, 4402.211335808192
912.3666666665019, 3763.363295770622
912.3999999998352, 3084.970036781119
912.4333333331685, 2417.420628430343
912.4666666665019, 1811.1031953594218
912.4999999998352, 1316.4054854814733
912.5333333331685, 968.3970111505555
912.5666666665018, 746.1346510766226
912.5999999998351, 615.876070707523
912.6333333331684, 543.8789354911049
912.6666666665017, 496.41818061964426
912.699999999835, 448.7713700843298
912.7333333331683, 399.9335291713315
912.7666666665016, 352.7594659224825
912.7999999998349, 310.1039883796161
912.8333333331682, 274.8091725980341
912.8666666665015, 248.23274127180431
912.8999999998348, 228.87933443293983
912.9333333331681, 214.92990562283606
912.9666666665014, 204.56540838288845
912.9999999998347, 195.98261815566812
913.033333333168, 188.13324737731187
913.0666666665013, 181.0392838044399
913.0999999998346, 174.8040232252509
913.1333333331679, 169.53076142794356
913.1666666665012, 165.3149174530795
913.1999999998345, 162.05327998730127
913.2333333331678, 159.43379089501343
913.2666666665011, 157.1344703878749
913.2999999998344, 154.83333867754465
913.3333333331677, 152.22492605706114
913.366666666501, 149.2552981000123
913.3999999998343, 146.06647804206602
913.4333333331676, 142.8056659943746
913.4666666665009, 139.6200620680903
913.4999999998342, 136.64775098000263
913.5333333331675, 133.93622697299404
913.5666666665009, 131.48109778690562
913.5999999998342, 129.2773584657484
913.6333333331675, 127.32000405353351
913.6666666665008, 125.59196504452764
913.6999999998341, 123.99440427757608
913.7333333331674, 122.3945428110148
913.7666666665007, 120.65949174557643
913.799999999834, 118.65636218199366
913.8333333331673, 116.28308825927705
913.8666666665006, 113.58337577751828
913.8999999998339, 110.64398171894248
913.9333333331672, 107.55166940167959
913.9666666665005, 104.39320506358008
913.9999999998338, 101.26993251082266
914.0333333331671, 98.33162623187374
914.0666666665004, 95.73810539473598
914.0999999998337, 93.64918916741193
914.133333333167, 92.22434098096868
914.1666666665003, 91.52531421577405
914.1999999998336, 91.38373512695213
914.2333333331669, 91.59812237074534
914.2666666665002, 91.96699460339622
914.2999999998335, 92.2898227480295
914.3333333331668, 92.43962695129223
914.3666666665001, 92.41402608979777
914.3999999998334, 92.2226992564073
914.4333333331667, 91.87532554398196
914.4666666665, 91.38251256336139
914.4999999998333, 90.78695757801772
914.5333333331666, 90.17086327961441
914.5666666664999, 89.61886415835147
914.5999999998332, 89.21559470442891
914.6333333331665, 89.038495103007
914.6666666664999, 89.02780010974843
914.6999999998332, 89.00061589101213
914.7333333331665, 88.76968002209414
914.7666666664998, 88.14773007829051
914.7999999998331, 86.96931734579924
914.8333333331664, 85.32570543007824
914.8666666664997, 83.47527625104438
914.899999999833, 81.67926509061236
914.9333333331663, 80.1989072306969
914.9666666664996, 79.25383697765385
914.9999999998329, 78.74192930762472
915.0333333331662, 78.4110527267251
915.0666666664995, 78.00823476243477
915.0999999998328, 77.28050294223343
915.1333333331661, 76.0385928196879
915.1666666664994, 74.42817879605622
915.1999999998327, 72.70462042873734
915.233333333166, 71.12334046504971
915.2666666664993, 69.93975890093726
915.2999999998326, 69.32863312500629
915.3333333331659, 69.17289766405258
915.3666666664992, 69.28951453926322
915.3999999998325, 69.49544577182527
915.4333333331658, 69.60783821360481
915.4666666664991, 69.51525937459327
915.4999999998324, 69.28546831537219
915.5333333331657, 69.01387703482978
915.566666666499, 68.79589753185432
915.5999999998323, 68.72603462675345
915.6333333331656, 68.8187917102482
915.6666666664989, 68.94718105631291
915.6999999998322, 68.9697419779194
915.7333333331655, 68.7450137880396
915.7666666664988, 68.13529840121073
915.7999999998322, 67.14018515061028
915.8333333331655, 65.93257472156164
915.8666666664988, 64.69645803720319
915.8999999998321, 63.6158260206733
915.9333333331654, 62.86693080747102
915.9666666664987, 62.47635120028309
915.999999999832, 62.33521568727221
916.0333333331653, 62.32976746614017
916.0666666664986, 62.34624973458871
916.0999999998319, 62.279813965847545
916.1333333331652, 62.12925877964052
916.1666666664985, 61.96029394282188
916.1999999998318, 61.83974629742334
916.2333333331651, 61.83444268547662
916.2666666664984, 61.99652665865256
916.2999999998317, 62.26800501600651
916.333333333165, 62.5408805998495
916.3666666664983, 62.706906332498534
916.3999999998316, 62.65783513627062
916.4333333331649, 62.320021414437
916.4666666664982, 61.793191593520405
916.4999999998315, 61.23125864750252
916.5333333331648, 60.78815386781539
916.5666666664981, 60.617798705028584
916.5999999998314, 60.807203183025365
916.6333333331647, 61.216805843723336
916.666666666498, 61.65913538354342
916.6999999998313, 61.946720498906494
916.7333333331646, 61.89253701525503
916.7666666664979, 61.422026266777195
916.7999999998312, 60.72084599313965
916.8333333331645, 60.01134937764613
916.8666666664978, 59.5158896036004
916.8999999998312, 59.454423063628404
916.9333333331645, 59.88731907955381
916.9666666664978, 60.618060009901704
916.9999999998311, 61.42687814666902
917.0333333331644, 62.0940057818527
917.0666666664977, 62.404995987682234
917.099999999831, 62.300378512096
917.1333333331643, 61.896276579727854
917.1666666664976, 61.31827772948464
917.1999999998309, 60.691969500273196
917.2333333331642, 60.1394679688739
917.2666666664975, 59.72792873396184
917.2999999998308, 59.480600484249315
917.3333333331641, 59.41950615977123
917.3666666664974, 59.56666870056247
917.3999999998307, 59.934326999596244
917.433333333164, 60.44060849150442
917.4666666664973, 60.95110647991913
917.4999999998306, 61.33084246359293
917.5333333331639, 61.444837941278394
917.5666666664972, 61.18735309078999
917.5999999998305, 60.63386911990383
917.6333333331638, 59.929205904975085
917.6666666664971, 59.21832335342029
917.6999999998304, 58.646181372656
917.7333333331637, 58.321409904989956
917.766666666497, 58.203734848503814
917.7999999998303, 58.21473805440062
917.8333333331636, 58.276001353941574
917.8666666664969, 58.3091549569604
917.8999999998302, 58.268201142598414
917.9333333331635, 58.1956002816358
917.9666666664968, 58.14878413657165
917.9999999998302, 58.18518446990501
918.0333333331635, 58.36175060809037
918.0666666664968, 58.68558927802729
918.0999999998301, 59.07128548474044
918.1333333331634, 59.42336801395983
918.1666666664967, 59.64636565141546
918.19999999983, 59.6471844599665
918.2333333331633, 59.422458275569284
918.2666666664966, 59.08384835512513
918.2999999998299, 58.750551227075185
918.3333333331632, 58.54176341986063
918.3666666664965, 58.57181028741917
918.3999999998298, 58.86326473746272
918.4333333331631, 59.3569750203564
918.4666666664964, 59.99093219517718
918.4999999998297, 60.70312732100205
918.533333333163, 61.43389117742255
918.5666666664963, 62.14907073061035
918.5999999998296, 62.83020952961237
918.6333333331629, 63.45908039677953
918.6666666664962, 64.01745615446275
918.6999999998295, 64.4965090511723
918.7333333331628, 64.95149076864003
918.7666666664961, 65.46439281305787
918.7999999998294, 66.11729574834769
918.8333333331627, 66.9922801384313
918.866666666496, 68.1595363211592
918.8999999998293, 69.6367493842692
918.9333333331626, 71.42711616171096
918.9666666664959, 73.53383301724615
918.9999999998292, 75.96010979024828
919.0333333331625, 78.72310262995248
919.0666666664958, 81.88026707065832
919.0999999998292, 85.49629497612665
919.1333333331625, 89.63587821011826
919.1666666664958, 94.36327567636079
919.1999999998291, 99.69180759303556
919.2333333331624, 105.53663385060818
919.2666666664957, 111.8017430939988
919.299999999829, 118.39112396812754
919.3333333331623, 125.20257121890086
919.3666666664956, 131.88868108608366
919.3999999998289, 137.7809528761046
919.4333333331622, 142.18916541012314
919.4666666664955, 144.42309750929877
919.4999999998288, 143.83476305291657
919.5333333331621, 140.58041271427902
919.5666666664954, 135.53735130356722
919.5999999998287, 129.60841996678562
919.633333333162, 123.69645984993868
919.6666666664953, 118.63966333054843
919.6999999998286, 114.57883180372106
919.7333333331619, 111.22928287754095
919.7666666664952, 108.30026436880044
919.7999999998285, 105.5010240942919
919.8333333331618, 102.58170721152422
919.8666666664951, 99.56376991253272
919.8999999998284, 96.57913603715403
919.9333333331617, 93.76005187698738
919.966666666495, 91.23876372363196
919.9999999998283, 89.12220970568538
920.0333333331616, 87.41024956912909
920.0666666664949, 86.07442861780761
920.0999999998282, 85.08629198015699
920.1333333331615, 84.41735257688727
920.1666666664948, 84.01782630437111
920.1999999998282, 83.77983045070968
920.2333333331615, 83.58566660072367
920.2666666664948, 83.31763633923386
920.2999999998281, 82.85879788549254
920.3333333331614, 82.16253481387263
920.3666666664947, 81.30866684702825
920.399999999828, 80.39021788812224
920.4333333331613, 79.50021184031742
920.4666666664946, 78.73011878191035
920.4999999998279, 78.11989489856204
920.5333333331612, 77.64731031629934
920.5666666664945, 77.28642315598663
920.5999999998278, 77.01129153848822
920.6333333331611, 76.79710580273331
920.6666666664944, 76.63753538482686
920.6999999998277, 76.54130490397164
920.733333333161, 76.51757738797988
920.7666666664943, 76.57551586466397
920.7999999998276, 76.72145585274409
920.8333333331609, 76.93538175062984
920.8666666664942, 77.18293465980311
920.8999999998275, 77.42961194255697
920.9333333331608, 77.6409109611845
920.9666666664941, 77.79881088407957
920.9999999998274, 77.97955586658672
921.0333333331607, 78.29284682328439
921.066666666494, 78.84842440332541
921.0999999998273, 79.7560279033368
921.1333333331606, 81.08936752267961
921.1666666664939, 82.79224430222332
921.1999999998272, 84.7791898499753
921.2333333331605, 86.96473577394283
921.2666666664938, 89.2633286395332
921.2999999998272, 91.56838695854194
921.3333333331605, 93.7248468219374
921.3666666664938, 95.57083454989242
921.3999999998271, 96.94447646257977
921.4333333331604, 97.68738754865743
921.4666666664937, 97.83692792800522
921.499999999827, 97.72630428709711
921.5333333331603, 97.71330912781244
921.5666666664936, 98.15573495203053
921.5999999998269, 99.396982688887
921.6333333331602, 101.44641891511468
921.6666666664935, 103.97768482152465
921.6999999998268, 106.64969181677709
921.7333333331601, 109.12135130953209
921.7666666664934, 111.1186996779459
921.7999999998267, 113.18467748818074
921.83333333316, 116.40716464268097
921.8666666664933, 121.88396273652694
921.8999999998266, 130.712873364799
921.9333333331599, 143.63125374131164
921.9666666664932, 158.804758241407
921.9999999998265, 173.28151368717087
922.0333333331598, 184.10508583644776
922.0666666664931, 188.31904044708193
922.0999999998264, 187.34177188399315
922.1333333331597, 201.81571007287036
922.166666666493, 257.6621400034428
922.1999999998263, 380.8024944700252
922.2333333331596, 597.1287913258548
922.2666666664929, 912.1631919013763
922.2999999998262, 1275.5013991085157
922.3333333331595, 1627.2255956869212
922.3666666664928, 1907.4179643762413
922.3999999998262, 2056.562078701958
922.4333333331595, 2049.899194081997
922.4666666664928, 1923.7888721723484
922.4999999998261, 1720.7966163553158
922.5333333331594, 1483.487930013202
922.5666666664927, 1253.7641561616306
922.599999999826, 1053.6018999818457
922.6333333331593, 882.0665813290271
922.6666666664926, 736.9585156044124
922.6999999998259, 616.0780182092385
922.7333333331592, 517.1975805606079
922.7666666664925, 437.68529706421236
922.7999999998258, 374.6039485453475
922.8333333331591, 325.0088005432388
922.8666666664924, 285.95511859711195
922.8999999998257, 254.63311432713354
922.933333333159, 229.33573076227685
922.9666666664923, 208.8946399815418
922.9999999998256, 192.14516828047206
923.0333333331589, 177.9226419546112
923.0666666664922, 165.22543470030803
923.0999999998255, 153.85326213775187
923.1333333331588, 143.85161689289026
923.1666666664921, 135.26605632565943
923.1999999998254, 128.14209386393125
923.2333333331587, 122.45777847680337
923.266666666492, 117.98762791748013
923.2999999998253, 114.46793019802264
923.3333333331586, 111.63497333049209
923.3666666664919, 109.22567713150785
923.3999999998252, 107.04707720187368
923.4333333331585, 105.03910473781232
923.4666666664918, 103.15651181304686
923.4999999998251, 101.3540505013003
923.5333333331585, 99.58710192656113
923.5666666664918, 97.83238766303224
923.5999999998251, 96.092673428979
923.6333333331584, 94.37230644766646
923.6666666664917, 92.67563394235964
923.699999999825, 91.00910716444882
923.7333333331583, 89.41201327313728
923.7666666664916, 87.94962716552881
923.7999999998249, 86.68793460107437
923.8333333331582, 85.69292133922497
923.8666666664915, 85.01131060922032
923.8999999998248, 84.52545078640249
923.9333333331581, 84.03442537256022
923.9666666664914, 83.33666960190543
923.9999999998247, 82.23061870864994
924.033333333158, 80.57558226498311
924.0666666664913, 78.53767659130017
924.0999999998246, 76.37945850409596
924.1333333331579, 74.3635198299429
924.1666666664912, 72.75239854514308
924.1999999998245, 71.71691782769066
924.2333333331578, 71.14835228964222
924.2666666664911, 70.88490555012923
924.2999999998244, 70.76478122828318
924.3333333331577, 70.62681956781189
924.366666666491, 70.37963706745784
924.3999999998243, 70.0636291682129
924.4333333331576, 69.73382305159356
924.4666666664909, 69.44524589911647
924.4999999998242, 69.2513366060325
924.5333333331575, 69.15344084394496
924.5666666664908, 69.09034083459898
924.5999999998241, 68.99711442505561
924.6333333331575, 68.80883946237591
924.6666666664908, 68.46448892676685
924.6999999998241, 67.9612290912957
924.7333333331574, 67.34097784114678
924.7666666664907, 66.64680159179028
924.799999999824, 65.92176675869639
924.8333333331573, 65.21247845475895
924.8666666664906, 64.59421056192201
924.8999999998239, 64.15614130305349
924.9333333331572, 63.98754054974189
924.9666666664905, 64.17767817357569
924.9999999998238, 64.76771268494369
925.0333333331571, 65.57093469238892
925.0666666664904, 66.33324042262544
925.0999999998237, 66.80051593549271
925.133333333157, 66.71878034547755
925.1666666664903, 65.95013443073532
925.1999999998236, 64.68521362256377
925.2333333331569, 63.17236958227209
925.2666666664902, 61.6599539711695
925.2999999998235, 60.39516890245184
925.3333333331568, 59.528951420556396
925.3666666664901, 59.044771322830485
925.3999999998234, 58.909325076973275
925.4333333331567, 59.08930915068399
925.46666666649, 59.55043779403793
925.4999999998233, 60.231625141569324
925.5333333331566, 61.04241463143219
925.5666666664899, 61.89085201560362
925.5999999998232, 62.68498304606071
925.6333333331565, 63.34036350258954
925.6666666664898, 63.868798343291516
925.6999999998231, 64.34871832124816
925.7333333331565, 64.8598870784583
925.7666666664898, 65.48206825692084
925.7999999998231, 66.28407396068934
925.8333333331564, 67.25789073554287
925.8666666664897, 68.36261779937058
925.899999999823, 69.55722963563471
925.9333333331563, 70.80070072779759
925.9666666664896, 72.069237969383
925.9999999998229, 73.40938794205572
926.0333333331562, 74.88564184271058
926.0666666664895, 76.56249087365053
926.0999999998228, 78.50419169829325
926.1333333331561, 80.70059149355082
926.1666666664894, 82.96135407610508
926.1999999998227, 85.0694049675893
926.233333333156, 86.80766968963682
926.2666666664893, 87.96288101101821
926.2999999998226, 88.52571526741731
926.3333333331559, 88.78962965618638
926.3666666664892, 89.07262887263711
926.3999999998225, 89.69271761208125
926.4333333331558, 90.9494145087274
926.4666666664891, 92.76952929604192
926.4999999998224, 94.73417371005472
926.5333333331557, 96.41138519303216
926.566666666489, 97.36920118724073
926.5999999998223, 97.21901831778837
926.6333333331556, 96.00609660480568
926.6666666664889, 94.02552499289297
926.6999999998222, 91.57539176674312
926.7333333331555, 88.95378521104894
926.7666666664888, 86.42394136741257
926.7999999998221, 84.05468114206337
926.8333333331555, 81.84743852926161
926.8666666664888, 79.8035815348183
926.8999999998221, 77.92447446434603
926.9333333331554, 76.1991170309227
926.9666666664887, 74.57657326236065
926.999999999822, 72.99785951704374
927.0333333331553, 71.40399215335583
927.0666666664886, 69.73652163918467
927.0999999998219, 67.99901229449115
927.1333333331552, 66.3140879223908
927.1666666664885, 64.8178607642932
927.1999999998218, 63.646443061608004
927.2333333331551, 62.93125512489226
927.2666666664884, 62.65609535440428
927.2999999998217, 62.63099143207048
927.333333333155, 62.65600570707996
927.3666666664883, 62.53120052862188
927.3999999998216, 62.071050874280246
927.4333333331549, 61.288177054476634
927.4666666664882, 60.3392448840283
927.4999999998215, 59.384166784329224
927.5333333331548, 58.582855176773435
927.5666666664881, 58.068899202120264
927.5999999998214, 57.78546085976458
927.6333333331547, 57.591937445331915
927.666666666488, 57.34736394638994
927.6999999998213, 56.91077535050634
927.7333333331546, 56.19029272535921
927.7666666664879, 55.29488069286843
927.7999999998212, 54.384865227403274
927.8333333331545, 53.6205723249602
927.8666666664878, 53.16206038986277
927.8999999998211, 53.094019606497326
927.9333333331545, 53.32275127117497
927.9666666664878, 53.728749612417204
927.9999999998211, 54.19250885874549
928.0333333331544, 54.59562790109
928.0666666664877, 54.87257811731761
928.099999999821, 55.03288333653403
928.1333333331543, 55.09177939345097
928.1666666664876, 55.064502122780105
928.1999999998209, 54.966260351875384
928.2333333331542, 54.811776078799895
928.2666666664875, 54.61534914232954
928.2999999998208, 54.39126539030691
928.3333333331541, 54.15381067057459
928.3666666664874, 53.916058365545695
928.3999999998207, 53.68029988749529
928.433333333154, 53.44317647962337
928.4666666664873, 53.20127966546672
928.4999999998206, 52.951200968562155
928.5333333331539, 52.69865560042511
928.5666666664872, 52.49395012798386
928.5999999998205, 52.40099303258842
928.6333333331538, 52.483696113036174
928.6666666664871, 52.805914441623216
928.6999999998204, 53.38946668722869
928.7333333331537, 54.13969295527678
928.766666666487, 54.94192471239905
928.7999999998203, 55.681493425227046
928.8333333331536, 56.24594515359218
928.8666666664869, 56.67462356068821
928.8999999998202, 57.253736333180925
928.9333333331535, 58.29214007247606
928.9666666664868, 60.09869137997938
928.9999999998201, 62.964138689559356
929.0333333331535, 66.77726108092128
929.0666666664868, 71.03277239980352
929.09999999982, 75.20885934389504
929.1333333331534, 78.7837086108849
929.1666666664867, 81.2803834788542
929.19999999982, 82.68420576593934
929.2333333331533, 83.25273705548264
929.2666666664866, 83.24703949327699
929.2999999998199, 82.92817522511518
929.3333333331532, 82.52617635088643
929.3666666664865, 82.10037958451812
929.3999999998198, 81.65173812005649
929.4333333331531, 81.18115418898364
929.4666666664864, 80.68951802523864
929.4999999998197, 80.15586012592665
929.533333333153, 79.49214874113808
929.5666666664863, 78.59753491374921
929.5999999998196, 77.37116968663642
929.6333333331529, 75.71356374514734
929.6666666664862, 73.6448737010999
929.6999999998195, 71.39671945796682
929.7333333331528, 69.22233264728257
929.7666666664861, 67.37494490058154
929.7999999998194, 66.0991607285979
929.8333333331527, 65.42205927544907
929.866666666486, 65.14202137722708
929.8999999998193, 65.04656440335667
929.9333333331526, 64.92320572326257
929.9666666664859, 64.57415498964562
929.9999999998192, 63.96566307915151
930.0333333331525, 63.16669153948194
930.0666666664858, 62.247778794980896
930.0999999998191, 61.279463269992355
930.1333333331524, 60.32782971197399
930.1666666664858, 59.43301320291943
930.199999999819, 58.62577594337979
930.2333333331524, 57.936867406708224
930.2666666664857, 57.39703063176217
930.299999999819, 57.0176588553412
930.3333333331523, 56.74815457142667
930.3666666664856, 56.52553175356212
930.3999999998189, 56.286804375291155
930.4333333331522, 55.96935187619955
930.4666666664855, 55.54586519260486
930.4999999998188, 55.053279950833165
930.5333333331521, 54.53534196603465
930.5666666664854, 54.03579705335954
930.5999999998187, 53.59713431027803
930.633333333152, 53.22910655303479
930.6666666664853, 52.90644847919818
930.6999999998186, 52.60218105152453
930.7333333331519, 52.28932523277019
930.7666666664852, 51.94537191357418
930.7999999998185, 51.5981846902959
930.8333333331518, 51.30738618431782
930.8666666664851, 51.13309608059229
930.8999999998184, 51.13543406407167
930.9333333331517, 51.350750111353285
930.966666666485, 51.6775165592296
930.9999999998183, 51.964614349384014
931.0333333331516, 52.06085917735715
931.0666666664849, 51.815095586059165
931.0999999998182, 51.147284590098785
931.1333333331515, 50.201557219875994
931.1666666664848, 49.16610392791192
931.1999999998181, 48.22911516672765
931.2333333331514, 47.57761342817418
931.2666666664848, 47.294839746336244
931.299999999818, 47.28004805845743
931.3333333331514, 47.413615426008455
931.3666666664847, 47.57591891046004
931.399999999818, 47.650654939194276
931.4333333331513, 47.602441885363746
931.4666666664846, 47.47944732464515
931.4999999998179, 47.333683818135604
931.5333333331512, 47.217163926932194
931.5666666664845, 47.17691481793016
931.5999999998178, 47.20719626217637
931.6333333331511, 47.27053626099114
931.6666666664844, 47.32902874361747
931.6999999998177, 47.344767639298276
931.733333333151, 47.28830656216263
931.7666666664843, 47.17611729956693
931.7999999998176, 47.040177519940634
931.8333333331509, 46.912476949351955
931.8666666664842, 46.82499341910688
931.8999999998175, 46.796103216925715
931.9333333331508, 46.80442427656391
931.9666666664841, 46.821348607335864
931.9999999998174, 46.818268218555986
932.0333333331507, 46.76686920144281
932.066666666484, 46.65934226519697
932.0999999998173, 46.52142373288368
932.1333333331506, 46.381951998671305
932.1666666664839, 46.26976545672818
932.1999999998172, 46.21240598227375
932.2333333331505, 46.21040971258188
932.2666666664838, 46.23878371858639
932.2999999998171, 46.271534179367684
932.3333333331504, 46.28266727400615
932.3666666664838, 46.25006565169464
932.399999999817, 46.18761024856972
932.4333333331504, 46.12872033450211
932.4666666664837, 46.107009114905985
932.499999999817, 46.15608979519556
932.5333333331503, 46.28750052869094
932.5666666664836, 46.407260966644714
932.5999999998169, 46.389898852050564
932.6333333331502, 46.10993640965029
932.6666666664835, 45.442313889657676
932.6999999998168, 44.44370205302061
932.7333333331501, 43.63589474113822
932.7666666664834, 43.614043175091396
932.7999999998167, 44.973298575961
932.83333333315, 48.2935513240181
932.8666666664833, 53.40866488380044
932.8999999998166, 59.08439166123606
932.9333333331499, 64.00419419579677
932.9666666664832, 66.85153502695437
932.9999999998165, 66.39556456937531
933.0333333331498, 62.82021765625874
933.0666666664831, 57.47062614104451
933.0999999998164, 51.72627115240648
933.1333333331497, 46.966633819018455
933.166666666483, 44.39762329537359
933.1999999998163, 43.89532522275834
933.2333333331496, 44.72088568500332
933.2666666664829, 46.13212104484935
933.2999999998162, 47.38684766902864
933.3333333331495, 47.911130696187875
933.3666666664828, 47.798237493474474
933.3999999998161, 47.30680021437765
933.4333333331494, 46.69545101238662
933.4666666664828, 46.2222370624621
933.499999999816, 46.04522067230328
933.5333333331494, 46.11016841310242
933.5666666664827, 46.33572209393932
933.599999999816, 46.64052352389379
933.6333333331493, 46.94372896152805
933.6666666664826, 47.18104710636835
933.6999999998159, 47.30788357971218
933.7333333331492, 47.28079331838627
933.7666666664825, 47.056331259217366
933.7999999998158, 46.600805570375876
933.8333333331491, 46.00109522285216
933.8666666664824, 45.425422593334474
933.8999999998157, 45.04353487439754
933.933333333149, 45.02517925861603
933.9666666664823, 45.49766504445807
933.9999999998156, 46.33443093636486
934.0333333331489, 47.31492587023664
934.0666666664822, 48.218446330048074
934.0999999998155, 48.82432809955125
934.1333333331488, 48.99271701130923
934.1666666664821, 48.83446744942149
934.1999999998154, 48.508908798351285
934.2333333331487, 48.1753704425619
934.266666666482, 47.99210083121836
934.2999999998153, 48.036493605264035
934.3333333331486, 48.2504338016113
934.3666666664819, 48.56287255492111
934.3999999998152, 48.90276099985442
934.4333333331485, 49.201017678993395
934.4666666664818, 49.429104489868436
934.4999999998151, 49.596572234260194
934.5333333331484, 49.714447631524116
934.5666666664818, 49.79375740101561
934.599999999815, 49.84713860553075
934.6333333331484, 49.901505683688576
934.6666666664817, 49.99123670857631
934.699999999815, 50.15077486754193
934.7333333331483, 50.41456334793337
934.7666666664816, 50.81563562153631
934.7999999998149, 51.38077706157911
934.8333333331482, 52.13504260358184
934.8666666664815, 53.103487120609486
934.8999999998148, 54.31097311356838
934.9333333331481, 55.73458263116502
934.9666666664814, 57.241132775732055
934.9999999998147, 58.681936776211295
935.033333333148, 59.90830786154447
935.0666666664813, 60.804280693201235
935.0999999998146, 62.447256641674585
935.1333333331479, 67.42082197239613
935.1666666664812, 78.40491285919357
935.1999999998145, 98.0794654758946
935.2333333331478, 128.72663453276235
935.2666666664811, 167.42469837456784
935.2999999998144, 207.59713355135744
935.3333333331477, 242.591628116648
935.366666666481, 265.7558701239564
935.3999999998143, 271.6484564030501
935.4333333331476, 262.24981380368195
935.4666666664809, 242.3508930690548
935.4999999998142, 216.74795393827895
935.5333333331475, 190.23674298596026
935.5666666664808, 166.53949660212402
935.5999999998141, 146.04276476243336
935.6333333331474, 128.48710012966103
935.6666666664808, 113.61305536657987
935.699999999814, 101.16251147828028
935.7333333331474, 90.97154735078084
935.7666666664807, 83.03125751934292
935.799999999814, 77.3471827187595
935.8333333331473, 73.92486368382357
935.8666666664806, 72.74581407757384
935.8999999998139, 73.32637548131989
935.9333333331472, 74.76166578971292
935.9666666664805, 76.13159265205806
935.9999999998138, 76.5160637176603
936.0333333331471, 75.11831708282746
936.0666666664804, 72.15999364015713
936.0999999998137, 68.36465828742836
936.133333333147, 64.45939891032563
936.1666666664803, 61.17130339453326
936.1999999998136, 59.0577429670749
936.2333333331469, 57.986018415592845
936.2666666664802, 57.64806589537811
936.2999999998135, 57.73582153369762
936.3333333331468, 57.94172871609393
936.3666666664801, 58.03894360091198
936.3999999998134, 57.969033306223515
936.4333333331467, 57.694646651717505
936.46666666648, 57.17843245708291
936.4999999998133, 56.38655950300428
936.5333333331466, 55.38658020574579
936.5666666664799, 54.36027141000901
936.5999999998132, 53.49550953462108
936.6333333331465, 52.98017099840916
936.6666666664798, 52.980022514757195
936.6999999998131, 53.42054059777958
936.7333333331464, 54.07976924231569
936.7666666664798, 54.73361491820156
936.799999999813, 55.157984095273186
936.8333333331464, 55.17601522944305
936.8666666664797, 54.8531834095271
936.899999999813, 54.33247266272767
936.9333333331463, 53.75690157504886
936.9666666664796, 53.269411817407814
936.9999999998129, 52.97863567941776
937.0333333331462, 52.90502179698008
937.0666666664795, 53.055046692785965
937.0999999998128, 53.43518688952663
937.1333333331461, 54.05120727941827
937.1666666664794, 54.87833027103523
937.1999999998127, 55.85035237345144
937.233333333146, 56.898118197956265
937.2666666664793, 57.95247235583903
937.2999999998126, 58.94626835547147
937.3333333331459, 59.840378061722284
937.3666666664792, 60.61624365350918
937.3999999998125, 61.25578186647603
937.4333333331458, 61.740909436266705
937.4666666664791, 62.07392178707274
937.4999999998124, 62.38444551190667
937.5333333331457, 62.851191123428016
937.566666666479, 63.65297304232919
937.5999999998123, 64.96856243522178
937.6333333331456, 66.8980254291198
937.6666666664789, 69.30000386908229
937.6999999998122, 71.9870036378249
937.7333333331455, 74.77153061806318
937.7666666664788, 77.46783444137046
937.7999999998121, 80.00057203290191
937.8333333331454, 82.46894198019976
937.8666666664787, 84.98756299761628
937.899999999812, 87.67105379950375
937.9333333331454, 90.63133542047973
937.9666666664787, 93.93351021448593
937.999999999812, 97.60302444955286
938.0333333331453, 101.6640716243228
938.0666666664786, 106.14084523743804
938.0999999998119, 111.02294796168206
938.1333333331452, 116.04597742761518
938.1666666664785, 120.83232511685414
938.1999999998118, 125.00386208552456
938.2333333331451, 128.1824692736624
938.2666666664784, 130.14885217459386
938.2999999998117, 131.24517908199692
938.333333333145, 131.9376267539378
938.3666666664783, 132.69237194848256
938.3999999998116, 133.9722399696246
938.4333333331449, 135.93680905724096
938.4666666664782, 138.2049868800157
938.4999999998115, 140.33980823323444
938.5333333331448, 141.904307912183
938.5666666664781, 142.47189141465032
938.5999999998114, 141.8313440115075
938.6333333331447, 139.97470623852826
938.666666666478, 136.90196188015977
938.6999999998113, 132.61309472084906
938.7333333331446, 127.13780874924439
938.7666666664779, 120.752825023649
938.7999999998112, 113.85727391222738
938.8333333331445, 106.85116318500674
938.8666666664778, 100.13450061479391
938.8999999998111, 94.11801635492935
938.9333333331444, 89.25451231242789
938.9666666664777, 86.00710777390063
938.999999999811, 84.83892202595862
939.0333333331444, 86.20883968766903
939.0666666664777, 90.0620584989664
939.099999999811, 95.34542414712777
939.1333333331443, 100.89098088537587
939.1666666664776, 105.5307729669334
939.1999999998109, 108.12910611527496
939.2333333331442, 108.31402593596006
939.2666666664775, 106.48958657043161
939.2999999998108, 103.094557556495
939.3333333331441, 98.56770843195557
939.3666666664774, 93.33851592489728
939.3999999998107, 87.75249509264029
939.433333333144, 82.11058849918496
939.4666666664773, 76.71332837956287
939.4999999998106, 71.86124696880559
939.5333333331439, 67.79272913154965
939.5666666664772, 64.48583776844757
939.5999999998105, 61.85048505037976
939.6333333331438, 59.79658291183899
939.6666666664771, 58.23400310877179
939.6999999998104, 57.066712061990415
939.7333333331437, 56.186597908843744
939.766666666477, 55.4840720818111
939.7999999998103, 54.84954601337183
939.8333333331436, 54.17778329055529
939.8666666664769, 53.474452823289774
939.8999999998102, 52.86248648311333
939.9333333331435, 52.47044106250413
939.9666666664768, 52.42687335394031
939.9999999998101, 52.833434330420104
940.0333333331434, 53.538601618054166
940.0666666664767, 54.25198141750732
940.09999999981, 54.681752246123835
940.1333333331434, 54.536092621248
940.1666666664767, 53.62581769901068
940.19999999981, 52.20307196796448
940.2333333331433, 50.63859632997909
940.2666666664766, 49.30313323120244
940.2999999998099, 48.566211499701105
940.3333333331432, 48.60798561993329
940.3666666664765, 49.21538239794489
940.3999999998098, 50.12638473171655
940.4333333331431, 51.078975519228855
940.4666666664764, 51.81701237584782
940.4999999998097, 52.235675257073034
940.533333333143, 52.39105665708642
940.5666666664763, 52.34704409780721
940.5999999998096, 52.167525101154666
940.6333333331429, 51.91200502159107
940.6666666664762, 51.59890636313337
940.6999999998095, 51.22418306163513
940.7333333331428, 50.78356030182386
940.7666666664761, 50.27276326842706
940.7999999998094, 49.69401260720638
940.8333333331427, 49.077096359683296
940.866666666476, 48.459114698149094
940.8999999998093, 47.87716784794444
940.9333333331426, 47.36825103952931
940.9666666664759, 46.95428355953188
940.9999999998092, 46.626533859516854
941.0333333331425, 46.3725495898733
941.0666666664758, 46.17987840099026
941.0999999998091, 46.036845865499416
941.1333333331424, 45.95077995446376
941.1666666664757, 45.9486490701808
941.199999999809, 46.0583271873815
941.2333333331424, 46.307688280796846
941.2666666664757, 46.715420796841464
941.299999999809, 47.2181250047583
941.3333333331423, 47.7092098734481
941.3666666664756, 48.081698884085746
941.3999999998089, 48.22861551784609
941.4333333331422, 48.08053417127867
941.4666666664755, 47.71927519260847
941.4999999998088, 47.26473279613207
941.5333333331421, 46.83680119660918
941.5666666664754, 46.554740438935205
941.5999999998087, 46.46410586996659
941.633333333142, 46.46890869763165
941.6666666664753, 46.457118893386976
941.6999999998086, 46.31670642868915
941.7333333331419, 45.940834568174445
941.7666666664752, 45.33599376579593
941.7999999998085, 44.618703220295096
941.8333333331418, 43.91001555425682
941.8666666664751, 43.330983390266056
941.8999999998084, 42.989972583386674
941.9333333331417, 42.89178142589134
941.966666666475, 42.99065410739586
941.9999999998083, 43.24049304443855
942.0333333331416, 43.59520064941168
942.0666666664749, 44.00847888969977
942.0999999998082, 44.433292990096795
942.1333333331415, 44.82243894984499
942.1666666664748, 45.128712768186546
942.1999999998081, 45.30524344470834
942.2333333331414, 45.33363741449549
942.2666666664747, 45.24537693300086
942.299999999808, 45.076982976735955
942.3333333331414, 44.86497652221229
942.3666666664747, 44.644660285103264
942.399999999808, 44.42878831729636
942.4333333331413, 44.210242416103014
942.4666666664746, 43.981224080124456
942.4999999998079, 43.73393480796192
942.5333333331412, 43.466505161339065
942.5666666664745, 43.219543051314766
942.5999999998078, 43.052182077027695
942.6333333331411, 43.02363277980277
942.6666666664744, 43.19309655122437
942.6999999998077, 43.58944322156774
942.733333333141, 44.143635690876096
942.7666666664743, 44.76691927928528
942.7999999998076, 45.37053930693113
942.8333333331409, 45.86631650624756
942.8666666664742, 46.20023131942998
942.8999999998075, 46.3710029074518
942.9333333331408, 46.38186277515809
942.9666666664741, 46.2360424273939
942.9999999998074, 45.93915457028518
943.0333333331407, 45.53264153109656
943.066666666474, 45.085629893401396
943.0999999998073, 44.667964324278095
943.1333333331406, 44.34948949080502
943.1666666664739, 44.18634301599827
943.1999999998072, 44.15164298628725
943.2333333331405, 44.18741459715891
943.2666666664738, 44.23562846503179
943.2999999998071, 44.238292277909665
943.3333333331404, 44.16232204910541
943.3666666664737, 44.04273584977472
943.399999999807, 43.926084959329316
943.4333333331404, 43.858920657180924
943.4666666664737, 43.88697227688764
943.499999999807, 44.02301949444547
943.5333333331403, 44.2364536251072
943.5666666664736, 44.493706602744375
943.5999999998069, 44.76121036122852
943.6333333331402, 45.0081217810654
943.6666666664735, 45.23583018058129
943.6999999998068, 45.466786572374964
943.7333333331401, 45.72380517043703
943.7666666664734, 46.02970018875812
943.7999999998067, 46.40103396519688
943.83333333314, 46.823477963730085
943.8666666664733, 47.27317964346244
943.8999999998066, 47.72628376937038
943.9333333331399, 48.1589032885738
943.9666666664732, 48.54027239562603
943.9999999998065, 48.82421186158024
944.0333333331398, 48.96244665018284
944.0666666664731, 48.90670172518025
944.0999999998064, 48.62404024560768
944.1333333331397, 48.49358347663531
944.166666666473, 49.34241069284623
944.1999999998063, 52.020135054637684
944.2333333331396, 57.37636972240686
944.2666666664729, 66.07234329550278
944.2999999998062, 77.06419056589026
944.3333333331395, 88.40156646700817
944.3666666664728, 98.12573952084267
944.3999999998061, 104.27797873405675
944.4333333331394, 105.4834426656256
944.4666666664727, 102.6373180536747
944.499999999806, 97.18637329183962
944.5333333331394, 90.57737677375579
944.5666666664727, 84.25089338559816
944.599999999806, 79.08687776518573
944.6333333331393, 74.96613951097498
944.6666666664726, 71.66628729761719
944.6999999998059, 68.96492979976365
944.7333333331392, 66.64818668736179
944.7666666664725, 64.65580291466856
944.7999999998058, 63.06085218055402
944.8333333331391, 61.94083430416939
944.8666666664724, 61.3732491046658
944.8999999998057, 61.41876209993247
944.933333333139, 62.024191030827424
944.9666666664723, 63.08918735545716
944.9999999998056, 64.51325130096494
945.0333333331389, 66.19589977943042
945.0666666664722, 68.0574332474229
945.0999999998055, 70.07948600713699
945.1333333331388, 72.25495125258286
945.1666666664721, 74.5767221777708
945.1999999998054, 77.03800666533623
945.2333333331387, 79.64603407563487
945.266666666472, 82.42735582694606
945.2999999998053, 85.40993243014266
945.3333333331386, 88.62172439609762
945.3666666664719, 92.09267823923287
945.3999999998052, 95.87694900021964
945.4333333331385, 100.04485955990849
945.4666666664718, 104.66702805918018
945.4999999998051, 109.81407263891563
945.5333333331384, 115.52589356419821
945.5666666664717, 121.69099741905833
945.599999999805, 128.15133025715036
945.6333333331384, 134.748825398545
945.6666666664717, 141.32534493954893
945.699999999805, 147.70914127239055
945.7333333331383, 153.69880264052665
945.7666666664716, 159.08900996063062
945.7999999998049, 163.67444414937563
945.8333333331382, 167.25389607710125
945.8666666664715, 169.72676354299054
945.8999999998048, 171.0965484700287
945.9333333331381, 171.3715624298822
945.9666666664714, 170.5601169942175
945.9999999998047, 168.67949556204155
946.033333333138, 165.82096852180547
946.0666666664713, 162.11223055593157
946.0999999998046, 157.68123091185555
946.1333333331379, 152.65591853414804
946.1666666664712, 147.16078760812502
946.1999999998045, 141.30830810151122
946.2333333331378, 135.20833565744772
946.2666666664711, 128.9707259190757
946.2999999998044, 122.70523515291889
946.3333333331377, 116.51539905325905
946.366666666471, 110.49496009156857
946.3999999998043, 104.73680037217439
946.4333333331376, 99.33380199940355
946.4666666664709, 94.37663257790334
946.4999999998042, 89.92402146805492
946.5333333331375, 86.01071019390893
946.5666666664708, 82.6708568185503
946.5999999998041, 79.93861940506393
946.6333333331374, 77.81713873171981
946.6666666664707, 76.13765121985742
946.699999999804, 74.67217577483326
946.7333333331374, 73.19267629300076
946.7666666664707, 71.47150458200566
946.799999999804, 69.39599270378929
946.8333333331373, 67.12833189572412
946.8666666664706, 64.87091987542127
946.8999999998039, 62.826154360491856
946.9333333331372, 61.19073038961794
946.9666666664705, 60.0016885233252
946.9999999998038, 59.118771047269654
947.0333333331371, 58.39247665002555
947.0666666664704, 57.673304020167144
947.0999999998037, 56.83041787838132
947.133333333137, 55.89819732317059
947.1666666664703, 54.99726953955944
947.1999999998036, 54.24901049088528
947.2333333331369, 53.77479482040112
947.2666666664702, 53.64718019211759
947.2999999998035, 53.76074912007447
947.3333333331368, 53.96953682690377
947.3666666664701, 54.127578535237504
947.3999999998034, 54.090122456485204
947.4333333331367, 53.794092722741205
947.46666666647, 53.308410334623495
947.4999999998033, 52.71400622518855
947.5333333331366, 52.09181132749281
947.5666666664699, 51.5200409954531
947.5999999998032, 51.0371252364676
947.6333333331365, 50.651295097061514
947.6666666664698, 50.3700291190743
947.6999999998031, 50.200805844345446
947.7333333331364, 50.1450070467258
947.7666666664697, 50.17040594667199
947.799999999803, 50.233257478344505
947.8333333331364, 50.28980634281325
947.8666666664697, 50.29634944948713
947.899999999803, 50.223070475007326
947.9333333331363, 50.07265034335104
947.9666666664696, 49.852411712597835
947.9999999998029, 49.56967724082727
948.0333333331362, 49.23220809836476
948.0666666664695, 48.859247693969856
948.0999999998028, 48.48235563552311
948.1333333331361, 48.13369709236766
948.1666666664694, 47.84543723384665
948.1999999998027, 47.6441815907003
948.233333333136, 47.51034771750735
948.2666666664693, 47.40147322485249
948.2999999998026, 47.27493195849809
948.3333333331359, 47.088100356105954
948.3666666664692, 46.815924938746406
948.3999999998025, 46.49283652659627
948.4333333331358, 46.16584199178835
948.4666666664691, 45.8819482064554
948.4999999998024, 45.687545022083974
948.5333333331357, 45.59570518479457
948.566666666469, 45.569884159082974
948.5999999998023, 45.56949737846346
948.6333333331356, 45.553960276450255
948.6666666664689, 45.484408385314346
948.6999999998022, 45.34389828482999
948.7333333331355, 45.13060031518138
948.7666666664688, 44.84298417105969
948.7999999998021, 44.4795195471561
948.8333333331354, 44.04555089351894
948.8666666664687, 43.57976457485953
948.899999999802, 43.13094082352758
948.9333333331354, 42.747862077261274
948.9666666664687, 42.479123582051294
948.999999999802, 42.34573066668384
949.0333333331353, 42.31221823629917
949.0666666664686, 42.336211204552576
949.0999999998019, 42.37533448509941
949.1333333331352, 42.38859328814235
949.1666666664685, 42.363071435913476
949.1999999998018, 42.312033078049524
949.2333333331351, 42.24974242054269
949.2666666664684, 42.19046366938515
949.2999999998017, 42.14712479416962
949.333333333135, 42.12349106687785
949.3666666664683, 42.119484284482525
949.3999999998016, 42.13501309191738
949.4333333331349, 42.169984944228005
949.4666666664682, 42.2233664752164
949.4999999998015, 42.29149495420226
949.5333333331348, 42.37025185023778
949.5666666664681, 42.45551863237518
949.5999999998014, 0.0
949.6333333331347, 0.0
949.666666666468, 0.0
949.6999999998013, 0.0
949.7333333331346, 0.0
949.7666666664679, 0.0
949.7999999998012, 0.0
949.8333333331345, 0.0
949.8666666664678, 0.0
949.8999999998011, 0.0
949.9333333331344, 0.0
949.9666666664677, 0.0
949.999999999801, 0.0
950.0333333331344, 0.0
950.0666666664677, 0.0
950.099999999801, 0.0
950.1333333331343, 0.0
950.1666666664676, 0.0
950.1999999998009, 0.0
950.2333333331342, 0.0
950.2666666664675, 0.0
950.2999999998008, 0.0
950.3333333331341, 0.0
950.3666666664674, 0.0
950.3999999998007, 0.0
950.433333333134, 0.0
950.4666666664673, 0.0
950.4999999998006, 0.0
950.5333333331339, 0.0
950.5666666664672, 0.0
950.5999999998005, 0.0
950.6333333331338, 0.0
950.6666666664671, 0.0
950.6999999998004, 0.0
950.7333333331337, 0.0
950.766666666467, 0.0
950.7999999998003, 0.0
950.8333333331336, 0.0
950.8666666664669, 0.0
950.8999999998002, 0.0
950.9333333331335, 0.0
950.9666666664668, 0.0
950.9999999998001, 0.0
951.0333333331334, 0.0
951.0666666664667, 0.0
951.0999999998, 0.0
951.1333333331334, 0.0
951.1666666664667, 0.0
951.1999999998, 0.0
951.2333333331333, 0.0
951.2666666664666, 0.0
951.2999999997999, 0.0
951.3333333331332, 0.0
951.3666666664665, 0.0
951.3999999997998, 0.0
951.4333333331331, 0.0
951.4666666664664, 0.0
951.4999999997997, 0.0
951.533333333133, 0.0
951.5666666664663, 0.0
951.5999999997996, 0.0
951.6333333331329, 0.0
951.6666666664662, 0.0
951.6999999997995, 0.0
951.7333333331328, 0.0
951.7666666664661, 0.0
951.7999999997994, 0.0
951.8333333331327, 0.0
951.866666666466, 0.0
951.8999999997993, 0.0
951.9333333331326, 0.0
951.9666666664659, 0.0
951.9999999997992, 0.0
952.0333333331325, 0.0
952.0666666664658, 0.0
952.0999999997991, 0.0
952.1333333331324, 0.0
952.1666666664657, 0.0
952.199999999799, 0.0
952.2333333331324, 0.0
952.2666666664657, 0.0
952.299999999799, 0.0
952.3333333331323, 0.0
952.3666666664656, 0.0
952.3999999997989, 0.0
952.4333333331322, 0.0
952.4666666664655, 0.0
952.4999999997988, 0.0
952.5333333331321, 0.0
952.5666666664654, 0.0
952.5999999997987, 0.0
952.633333333132, 0.0
952.6666666664653, 0.0
952.6999999997986, 0.0
952.7333333331319, 0.0
952.7666666664652, 0.0
952.7999999997985, 0.0
952.8333333331318, 0.0
952.8666666664651, 0.0
952.8999999997984, 0.0
952.9333333331317, 0.0
952.966666666465, 0.0
952.9999999997983, 0.0
953.0333333331316, 0.0
953.0666666664649, 0.0
953.0999999997982, 0.0
953.1333333331315, 0.0
953.1666666664648, 0.0
953.1999999997981, 0.0
953.2333333331314, 0.0
953.2666666664647, 0.0
953.299999999798, 0.0
953.3333333331313, 0.0
953.3666666664647, 0.0
953.399999999798, 0.0
953.4333333331313, 0.0
953.4666666664646, 0.0
953.4999999997979, 0.0
953.5333333331312, 0.0
953.5666666664645, 0.0
953.5999999997978, 0.0
953.6333333331311, 0.0
953.6666666664644, 0.0
953.6999999997977, 0.0
953.733333333131, 0.0
953.7666666664643, 0.0
953.7999999997976, 0.0
953.8333333331309, 0.0
953.8666666664642, 0.0
953.8999999997975, 0.0
953.9333333331308, 0.0
953.9666666664641, 0.0
953.9999999997974, 0.0
954.0333333331307, 0.0
954.066666666464, 0.0
954.0999999997973, 0.0
954.1333333331306, 0.0
954.1666666664639, 0.0
954.1999999997972, 0.0
954.2333333331305, 0.0
954.2666666664638, 0.0
954.2999999997971, 0.0
954.3333333331304, 0.0
954.3666666664637, 0.0
954.399999999797, 0.0
954.4333333331303, 0.0
954.4666666664637, 0.0
954.499999999797, 0.0
954.5333333331303, 0.0
954.5666666664636, 0.0
954.5999999997969, 0.0
954.6333333331302, 0.0
954.6666666664635, 0.0
954.6999999997968, 0.0
954.7333333331301, 0.0
954.7666666664634, 0.0
954.7999999997967, 0.0
954.83333333313, 0.0
954.8666666664633, 0.0
954.8999999997966, 0.0
954.9333333331299, 0.0
954.9666666664632, 0.0
954.9999999997965, 0.0
955.0333333331298, 0.0
955.0666666664631, 0.0
955.0999999997964, 0.0
955.1333333331297, 0.0
955.166666666463, 0.0
955.1999999997963, 0.0
955.2333333331296, 0.0
955.2666666664629, 0.0
955.2999999997962, 0.0
955.3333333331295, 0.0
955.3666666664628, 0.0
955.3999999997961, 0.0
955.4333333331294, 0.0
955.4666666664627, 0.0
955.499999999796, 0.0
955.5333333331293, 0.0
955.5666666664627, 0.0
955.599999999796, 0.0
955.6333333331293, 0.0
955.6666666664626, 0.0
955.6999999997959, 0.0
955.7333333331292, 0.0
955.7666666664625, 0.0
955.7999999997958, 0.0
955.8333333331291, 0.0
955.8666666664624, 0.0
955.8999999997957, 0.0
955.933333333129, 0.0
955.9666666664623, 0.0
955.9999999997956, 0.0
956.0333333331289, 0.0
956.0666666664622, 0.0
956.0999999997955, 0.0
956.1333333331288, 0.0
956.1666666664621, 0.0
956.1999999997954, 0.0
956.2333333331287, 0.0
956.266666666462, 0.0
956.2999999997953, 0.0
956.3333333331286, 0.0
956.3666666664619, 0.0
956.3999999997952, 0.0
956.4333333331285, 0.0
956.4666666664618, 0.0
956.4999999997951, 0.0
956.5333333331284, 0.0
956.5666666664617, 0.0
956.599999999795, 0.0
956.6333333331283, 0.0
956.6666666664617, 0.0
956.699999999795, 0.0
956.7333333331283, 0.0
956.7666666664616, 0.0
956.7999999997949, 0.0
956.8333333331282, 0.0
956.8666666664615, 0.0
956.8999999997948, 0.0
956.9333333331281, 0.0
956.9666666664614, 0.0
956.9999999997947, 0.0
957.033333333128, 0.0
957.0666666664613, 0.0
957.0999999997946, 0.0
957.1333333331279, 0.0
957.1666666664612, 0.0
957.1999999997945, 0.0
957.2333333331278, 0.0
957.2666666664611, 0.0
957.2999999997944, 0.0
957.3333333331277, 0.0
957.366666666461, 0.0
957.3999999997943, 0.0
957.4333333331276, 0.0
957.4666666664609, 0.0
957.4999999997942, 0.0
957.5333333331275, 0.0
957.5666666664608, 0.0
957.5999999997941, 0.0
957.6333333331274, 0.0
957.6666666664607, 0.0
957.699999999794, 0.0
957.7333333331273, 0.0
957.7666666664607, 0.0
957.799999999794, 0.0
957.8333333331273, 0.0
957.8666666664606, 0.0
957.8999999997939, 0.0
957.9333333331272, 0.0
957.9666666664605, 0.0
957.9999999997938, 0.0
958.0333333331271, 0.0
958.0666666664604, 0.0
958.0999999997937, 0.0
958.133333333127, 0.0
958.1666666664603, 0.0
958.1999999997936, 0.0
958.2333333331269, 0.0
958.2666666664602, 0.0
958.2999999997935, 0.0
958.3333333331268, 0.0
958.3666666664601, 0.0
958.3999999997934, 0.0
958.4333333331267, 0.0
958.46666666646, 0.0
958.4999999997933, 0.0
958.5333333331266, 0.0
958.5666666664599, 0.0
958.5999999997932, 0.0
958.6333333331265, 0.0
958.6666666664598, 0.0
958.6999999997931, 0.0
958.7333333331264, 0.0
958.7666666664597, 0.0
958.799999999793, 0.0
958.8333333331263, 0.0
958.8666666664597, 0.0
958.899999999793, 0.0
958.9333333331263, 0.0
958.9666666664596, 0.0
958.9999999997929, 0.0
959.0333333331262, 0.0
959.0666666664595, 0.0
959.0999999997928, 0.0
959.1333333331261, 0.0
959.1666666664594, 0.0
959.1999999997927, 0.0
959.233333333126, 0.0
959.2666666664593, 0.0
959.2999999997926, 0.0
959.3333333331259, 0.0
959.3666666664592, 0.0
959.3999999997925, 0.0
959.4333333331258, 0.0
959.4666666664591, 0.0
959.4999999997924, 0.0
959.5333333331257, 0.0
959.566666666459, 0.0
959.5999999997923, 0.0
959.6333333331256, 0.0
959.6666666664589, 0.0
959.6999999997922, 0.0
959.7333333331255, 0.0
959.7666666664588, 0.0
959.7999999997921, 0.0
959.8333333331254, 0.0
959.8666666664587, 0.0
959.899999999792, 0.0
959.9333333331253, 0.0
959.9666666664587, 0.0
959.999999999792, 0.0
960.0333333331253, 0.0
960.0666666664586, 0.0
960.0999999997919, 0.0
960.1333333331252, 0.0
960.1666666664585, 0.0
960.1999999997918, 0.0
960.2333333331251, 0.0
960.2666666664584, 0.0
960.2999999997917, 0.0
960.333333333125, 0.0
960.3666666664583, 0.0
960.3999999997916, 0.0
960.4333333331249, 0.0
960.4666666664582, 0.0
960.4999999997915, 0.0
960.5333333331248, 0.0
960.5666666664581, 0.0
960.5999999997914, 0.0
960.6333333331247, 0.0
960.666666666458, 0.0
960.6999999997913, 0.0
960.7333333331246, 0.0
960.7666666664579, 0.0
960.7999999997912, 0.0
960.8333333331245, 0.0
960.8666666664578, 0.0
960.8999999997911, 0.0
960.9333333331244, 0.0
960.9666666664577, 0.0
960.999999999791, 0.0
